1.22265
1.22256
1.2226
1.22255
1.22236
1.22253
1.22246
1.22237
1.22233
1.22215
1.22213
1.22215
1.22217
1.22218
1.22219
1.22215
1.22214
1.22214
1.22249
1.22238
1.22224
1.22245
1.22267
1.22254
1.22271
1.22295
1.22303
1.2228
1.22276
1.22275
1.22295
1.22294
1.22273
1.22281
1.22242
1.22264
1.22297
1.22286
1.22317
1.22335
1.22322
1.22311
1.22321
1.22341
1.22354
1.22397
1.22402
1.22375
1.22383
1.22368
1.22371
1.2238
1.22392
1.22393
1.22393
1.22404
1.22411
1.224
1.22424
1.22454
1.22452
1.22463
1.22463
1.22453
1.22464
1.22483
1.22472
1.22487
1.2248
1.22482
1.22474
1.22463
1.22453
1.22434
1.22433
1.22424
1.22414
1.22426
1.22414
1.22414
1.22435
1.22432
1.22421
1.22421
1.22414
1.22417
1.22423
1.22413
1.22413
1.22395
1.22401
1.22382
1.2241
1.22431
1.22427
1.22454
1.22486
1.22495
1.22546
1.22546
1.22531
1.22511
1.22508
1.22511
1.22499
1.22563
1.22554
1.22522
1.22544
1.22547
1.22565
1.22585
1.2265
1.22602
1.22594
1.22617
1.22582
1.22664
1.22667
1.22679
1.22573
1.22584
1.22622
1.22551
1.22544
1.22553
1.22584
1.22621
1.22575
1.22673
1.22642
1.22689
1.22702
1.22653
1.22647
1.22653
1.22655
1.22654
1.22672
1.22642
1.22623
1.22636
1.22561
1.22643
1.22632
1.22632
1.22606
1.22583
1.22591
1.22588
1.22593
1.22559
1.22604
1.22611
1.22595
1.22616
1.22642
1.22645
1.22612
1.22615
1.2261
1.22602
1.22611
1.22646
1.22644
1.22603
1.22593
1.22601
1.22601
1.22632
1.22633
1.22607
1.22634
1.22674
1.22652
1.22649
1.22579
1.22582
1.22596
1.22562
1.22534
1.22541
1.22596
1.22592
1.22592
1.22571
1.22603
1.22579
1.22609
1.22643
1.2263
1.22613
1.22619
1.22594
1.22627
1.22621
1.22612
1.22616
1.22614
1.22587
1.22588
1.22559
1.2256
1.22568
1.22632
1.2261
1.22566
1.2255
1.22602
1.22601
1.22602
1.22585
1.22563
1.22578
1.22589
1.22575
1.22592
1.22615
1.22625
1.22619
1.22631
1.22596
1.22609
1.22596
1.22565
1.22541
1.22531
1.22521
1.22523
1.22523
1.22437
1.22419
1.22469
1.2248
1.22479
1.22491
1.22537
1.22552
1.22548
1.22524
1.22549
1.22539
1.22529
1.22535
1.22519
1.22478
1.2248
1.22478
1.2246
1.22436
1.22436
1.22428
1.2242
1.22395
1.22421
1.22412
1.22415
1.22419
1.22398
1.224
1.22395
1.22378
1.22321
1.22211
1.22275
1.22231
1.22242
1.22236
1.22197
1.22176
1.22179
1.22253
1.22282
1.22262
1.2228
1.22272
1.22251
1.22265
1.22277
1.22255
1.22271
1.22275
1.22278
1.22274
1.22288
1.22306
1.22323
1.22296
1.2231
1.22287
1.22294
1.2232
1.22296
1.22289
1.22295
1.22296
1.22283
1.22287
1.22291
1.22286
1.22286
1.22283
1.22276
1.22245
1.22222
1.2224
1.22227
1.22219
1.22218
1.22244
1.22239
1.22227
1.22246
1.22268
1.22247
1.22276
1.22279
1.22286
1.22282
1.22274
1.22275
1.22278
1.22295
1.22294
1.22292
1.22293
1.22328
1.22313
1.22298
1.22306
1.22306
1.22307
1.2231
1.22306
1.22313
1.22322
1.22318
1.22321
1.22319
1.22305
1.22319
1.22284
1.22276
1.22292
1.2228
1.22319
1.22301
1.2231
1.22292
1.22331
1.2234
1.22351
1.22328
1.22333
1.22325
1.22308
1.22324
1.22303
1.22298
1.22295
1.22295
1.22306
1.2231
1.22311
1.22328
1.22337
1.22342
1.22337
1.22339
1.22338
1.22339
1.22335
1.22331
1.22328
1.22305
1.22285
1.2229
1.22291
1.22284
1.22303
1.22306
1.22296
1.22325
1.22327
1.2235
1.22353
1.22334
1.22323
1.2233
1.22341
1.22346
1.22335
1.22355
1.22382
1.22355
1.22364
1.22343
1.22382
1.2239
1.22391
1.22389
1.22305
1.2229
1.2226
1.22315
1.22312
1.22311
1.22358
1.22382
1.22347
1.22371
1.22446
1.22406
1.22376
1.22362
1.22347
1.22353
1.22402
1.22353
1.22346
1.22335
1.22328
1.2235
1.22348
1.2236
1.22391
1.22381
1.22352
1.22364
1.22331
1.22347
1.22321
1.22305
1.22335
1.2231
1.22287
1.22301
1.22311
1.22301
1.22338
1.22303
1.22237
1.22257
1.22283
1.22263
1.22287
1.22295
1.2227
1.22248
1.22216
1.22249
1.22277
1.22257
1.22278
1.2221
1.22152
1.22146
1.22122
1.22145
1.22134
1.22124
1.2212
1.22141
1.22156
1.22125
1.22118
1.22152
1.22119
1.22068
1.22066
1.21946
1.21888
1.21889
1.21925
1.21952
1.21879
1.2184
1.21831
1.21877
1.2183
1.2185
1.21846
1.21866
1.21857
1.2184
1.21806
1.21742
1.21695
1.21697
1.21757
1.21772
1.21775
1.21876
1.2188
1.21853
1.21866
1.21868
1.21909
1.21822
1.21769
1.21766
1.21765
1.21779
1.21758
1.21777
1.21816
1.21785
1.21816
1.21789
1.21758
1.21754
1.2181
1.21778
1.21804
1.2185
1.21826
1.21837
1.21819
1.2181
1.21837
1.21838
1.2179
1.21774
1.21766
1.21713
1.21677
1.21732
1.21749
1.21728
1.21718
1.21766
1.21763
1.21767
1.21753
1.21742
1.21758
1.21749
1.21756
1.21737
1.21724
1.21738
1.21715
1.21706
1.21717
1.21725
1.21756
1.21746
1.21788
1.21776
1.21764
1.21753
1.2176
1.21758
1.21749
1.21766
1.21746
1.21738
1.21722
1.21709
1.21722
1.21692
1.21716
1.21716
1.21698
1.21708
1.21719
1.21721
1.2173
1.21725
1.21735
1.21726
1.2174
1.21738
1.21739
1.21755
1.21747
1.21727
1.21738
1.21753
1.21729
1.2173
1.21727
1.21735
1.21735
1.21721
1.21721
1.21725
1.21731
1.21733
1.2177
1.21776
1.2175
1.21774
1.21784
1.21748
1.21764
1.21788
1.21789
1.21803
1.21796
1.21796
1.21808
1.2181
1.21807
1.2184
1.21854
1.21836
1.21885
1.2187
1.21849
1.21846
1.21857
1.21848
1.21858
1.21825
1.21839
1.21828
1.2183
1.21818
1.21796
1.21796
1.21793
1.2179
1.21753
1.21759
1.21746
1.21744
1.21725
1.21723
1.21716
1.21729
1.21702
1.21738
1.21742
1.21739
1.21765
1.21781
1.21783
1.21785
1.21779
1.21777
1.21781
1.21773
1.21768
1.21764
1.21764
1.21757
1.21765
1.21755
1.21769
1.21791
1.21795
1.21769
1.21768
1.21774
1.21739
1.2178
1.21789
1.21801
1.21794
1.21787
1.21806
1.21805
1.21792
1.21792
1.21808
1.21803
1.21798
1.21807
1.21803
1.21796
1.2179
1.21766
1.21746
1.21744
1.21738
1.21761
1.21749
1.21763
1.21771
1.21802
1.21779
1.2179
1.21819
1.21844
1.21845
1.21836
1.21872
1.21901
1.21891
1.21943
1.21888
1.2188
1.21887
1.21872
1.21909
1.21881
1.21921
1.21987
1.2196
1.21932
1.21941
1.21969
1.22015
1.21999
1.22044
1.22084
1.22068
1.22053
1.22035
1.22016
1.22016
1.22026
1.2202
1.22031
1.22045
1.22058
1.22059
1.2203
1.22047
1.22055
1.2202
1.21996
1.21988
1.22
1.21986
1.22004
1.21975
1.21983
1.21962
1.21957
1.21922
1.21943
1.21932
1.21931
1.21939
1.21943
1.21979
1.21995
1.22011
1.22002
1.22002
1.22002
1.22007
1.22029
1.22032
1.22055
1.22017
1.21997
1.21984
1.22009
1.2203
1.22159
1.22138
1.22208
1.22197
1.2217
1.22159
1.22157
1.22075
1.2208
1.22068
1.22036
1.22042
1.21952
1.21967
1.21999
1.21965
1.21977
1.21988
1.21996
1.21989
1.21983
1.21947
1.21928
1.21921
1.21932
1.21887
1.21931
1.21916
1.21919
1.21918
1.21918
1.21918
1.21921
1.21918
1.21921
1.21902
1.21911
1.21916
1.21916
1.21913
1.21912
1.21912
1.21957
1.21933
1.21922
1.21933
1.21913
1.21883
1.21896
1.21881
1.21912
1.21926
1.21931
1.21933
1.21936
1.21924
1.21935
1.21936
1.21931
1.21906
1.21905
1.21906
1.21914
1.2194
1.21949
1.21948
1.22307
1.2228
1.2226
1.22261
1.2226
1.2226
1.22266
1.22266
1.22255
1.22245
1.22226
1.22293
1.22213
1.22164
1.22168
1.22145
1.22079
1.22092
1.221
1.22092
1.22082
1.22089
1.22087
1.22097
1.22115
1.22076
1.22077
1.22092
1.22128
1.22142
1.22145
1.22162
1.22147
1.22152
1.22143
1.22156
1.2214
1.22156
1.2214
1.22142
1.22145
1.22147
1.22158
1.2218
1.2219
1.22209
1.22203
1.22197
1.22193
1.22175
1.22167
1.22167
1.22161
1.22172
1.22174
1.22187
1.22188
1.2219
1.22187
1.22195
1.22184
1.22181
1.2218
1.22178
1.22194
1.22182
1.22193
1.2219
1.22181
1.22181
1.22187
1.22209
1.22192
1.22192
1.22191
1.22196
1.22207
1.22197
1.22208
1.22189
1.22179
1.22179
1.22168
1.2217
1.22163
1.22172
1.22172
1.22171
1.2217
1.22162
1.22147
1.22149
1.22149
1.22148
1.22148
1.22139
1.22142
1.2214
1.22147
1.22175
1.22175
1.22149
1.22168
1.22135
1.22115
1.22106
1.22106
1.22087
1.22085
1.22081
1.22085
1.22123
1.221
1.22102
1.22089
1.22071
1.22069
1.22078
1.22078
1.21969
1.2195
1.21923
1.21943
1.2195
1.21952
1.21992
1.21968
1.21979
1.21945
1.2193
1.21939
1.21882
1.21906
1.21926
1.21934
1.21965
1.21937
1.21944
1.21936
1.21936
1.2195
1.21946
1.2195
1.21949
1.21916
1.21933
1.21913
1.21926
1.21921
1.21931
1.21928
1.21935
1.21942
1.21926
1.21921
1.21927
1.21941
1.21956
1.21925
1.21895
1.21876
1.21874
1.21877
1.21888
1.21888
1.2192
1.21925
1.2194
1.21935
1.21939
1.2194
1.21861
1.21854
1.21849
1.21858
1.21847
1.21872
1.21862
1.21858
1.21832
1.218
1.21704
1.2171
1.21749
1.21789
1.21779
1.2181
1.2181
1.21814
1.21797
1.21797
1.21806
1.21809
1.21806
1.21811
1.218
1.21779
1.21757
1.21728
1.2173
1.21701
1.2172
1.21738
1.21731
1.21743
1.21782
1.21759
1.21769
1.21777
1.21779
1.21763
1.21741
1.21745
1.21712
1.21718
1.21741
1.21739
1.21756
1.21759
1.21742
1.21743
1.2173
1.21744
1.21781
1.21768
1.21763
1.21762
1.2175
1.21742
1.2175
1.2176
1.21768
1.21762
1.21764
1.21757
1.21754
1.2176
1.21741
1.21763
1.21774
1.21774
1.21777
1.21815
1.21818
1.21817
1.21818
1.2185
1.21831
1.21825
1.21794
1.21783
1.21801
1.21799
1.21782
1.21769
1.21773
1.21775
1.2177
1.21776
1.21779
1.21782
1.21778
1.2178
1.21771
1.21774
1.21774
1.21771
1.21792
1.21795
1.21779
1.21781
1.21792
1.21793
1.2179
1.21789
1.21818
1.21812
1.21786
1.21795
1.21786
1.21792
1.21827
1.2182
1.21829
