0.13	0.4968
0.14	0.5038
0.15	0.4053
0.16	0.4337
0.17	0.4913
0.18	0.5046
0.19	0.5013
0.20	0.5012
0.21	0.5054
0.22	0.5048
0.23	0.5085
0.24	0.4992
0.25	0.5026
0.26	0.4992
0.27	0.5033
0.28	0.4980
0.29	0.5040
0.30	0.4969
0.31	0.5028
0.32	0.5089
0.33	0.5094
0.34	0.5114
0.35	0.5202
0.36	0.5212
0.37	0.5211
0.38	0.5210
0.39	0.5214
0.40	0.5199
0.41	0.5207
0.42	0.5198
0.43	0.5189
0.44	0.5185
0.45	0.5095
0.46	0.5046
0.47	0.4892
0.48	0.4808
0.49	0.4608
0.50	0.4754
0.51	0.4633
0.52	0.4581
0.53	0.4487
0.54	0.4328
0.55	0.4222
0.56	0.0000
0.57	0.0000
0.58	0.0000
0.59	0.0000
0.60	0.0000
