0.0 0
0.1 .9483
0.2 .5042
0.3 .5053
0.4 .5170
0.5 .4658
0.6 .2500
0.7 
0.8 
0.9 
0.10 
0.11 
0.12 
0.13 .5000
0.14 1.0000
0.15 .3333
0.16 .2000
0.17 .4507
0.18 .5352
0.19 .5074
0.20 .4754
0.21 .4880
0.22 .5168
0.23 .5191
0.24 .5065
0.25 .4967
0.26 .4850
0.27 .5352
0.28 .4725
0.29 .5235
0.30 .4798
0.31 .5057
0.32 .5086
0.33 .5025
0.34 .4881
0.35 .5090
0.36 .5364
0.37 .5108
0.38 .5127
0.39 .5323
0.40 .5137
0.41 .5359
0.42 .5105
0.43 .5145
0.44 .5248
0.45 .5176
0.46 .5316
0.47 .5058
0.48 .5127
0.49 .4800
0.50 .4929
0.51 .4545
0.52 .4637
0.53 .4130
0.54 .5531
0.55 .4324
0.56 .4285
0.57 .4166
0.58 .3333
0.59 .5000
0.60 1.0000
0.61 0
0.62 
0.63 0
0.64 
0.65 
0.66 
0.67 0
0.68 
0.69 
0.70 
0.71 
0.72 
0.73 
0.74 
0.75 
0.76 
0.77 
0.78 
0.79 
0.80 
0.81 
0.82 
0.83 
0.84 
0.85 
0.86 
0.87 
0.88 
0.89 
0.90 
0.91 
0.92 
0.93 
0.94 
0.95 
0.96 
0.97 
0.98 
0.99 
