1.0000
1.0000
0.6667
0.7500
0.8000
0.6667
0.7143
0.6250
0.6667
0.6000
0.6364
0.6667
0.6154
0.6429
0.6000
0.6250
0.5882
0.5556
0.5789
0.6000
0.6190
0.5909
0.6087
0.5833
0.6000
0.6154
0.6296
0.6429
0.6552
0.6667
0.6452
0.6562
0.6364
0.6471
0.6286
0.6111
0.5946
0.5789
0.5897
0.6000
0.6098
0.5952
0.5814
0.5682
0.5556
0.5652
0.5745
0.5625
0.5714
0.5800
0.5882
0.5769
0.5660
0.5556
0.5636
0.5714
0.5614
0.5690
0.5593
0.5500
0.5410
0.5323
0.5397
0.5312
0.5231
0.5303
0.5373
0.5294
0.5362
0.5429
0.5352
0.5278
0.5342
0.5405
0.5467
0.5395
0.5455
0.5513
0.5443
0.5500
0.5432
0.5366
0.5422
0.5476
0.5412
0.5465
0.5402
0.5455
0.5506
0.5556
0.5604
0.5652
0.5591
0.5638
0.5684
0.5625
0.5670
0.5612
0.5657
0.5600
0.5644
0.5686
0.5631
0.5577
0.5619
0.5566
0.5514
0.5463
0.5505
0.5545
0.5586
0.5625
0.5664
0.5614
0.5565
0.5517
0.5556
0.5593
0.5546
0.5500
0.5537
0.5492
0.5447
0.5403
0.5360
0.5317
0.5354
0.5312
0.5349
0.5308
0.5344
0.5379
0.5338
0.5299
0.5333
0.5368
0.5328
0.5362
0.5324
0.5286
0.5319
0.5282
0.5315
0.5278
0.5310
0.5274
0.5306
0.5338
0.5369
0.5333
0.5298
0.5263
0.5294
0.5260
0.5226
0.5256
0.5287
0.5316
0.5283
0.5312
0.5280
0.5309
0.5337
0.5366
0.5394
0.5422
0.5389
0.5417
0.5385
0.5353
0.5380
0.5349
0.5376
0.5345
0.5371
0.5341
0.5311
0.5281
0.5307
0.5333
0.5304
0.5330
0.5355
0.5326
0.5297
0.5323
0.5294
0.5266
0.5291
0.5316
0.5288
0.5260
0.5285
0.5258
0.5282
0.5306
0.5279
0.5303
0.5276
0.5300
0.5323
0.5297
0.5271
0.5245
0.5268
0.5243
0.5217
0.5240
0.5215
0.5190
0.5166
0.5189
0.5164
0.5187
0.5209
0.5185
0.5161
0.5183
0.5160
0.5182
0.5158
0.5135
0.5157
0.5134
0.5111
0.5133
0.5154
0.5132
0.5109
0.5130
0.5108
0.5086
0.5064
0.5043
0.5021
0.5042
0.5063
0.5042
0.5063
0.5042
0.5021
0.5041
0.5062
0.5041
0.5061
0.5041
0.5020
0.5040
0.5020
0.5000
0.5020
0.5000
0.4980
0.5000
0.5020
0.5039
0.5019
0.5000
0.5019
0.5038
0.5057
0.5038
0.5057
0.5038
0.5019
0.5000
0.5019
0.5037
0.5019
0.5037
0.5055
0.5074
0.5092
0.5073
0.5055
0.5072
0.5090
0.5072
0.5090
0.5107
0.5089
0.5071
0.5053
0.5070
0.5053
0.5035
0.5017
0.5000
0.4983
0.4966
0.4948
0.4932
0.4915
0.4932
0.4915
0.4899
0.4916
0.4899
0.4883
0.4867
0.4850
0.4834
0.4851
0.4868
0.4852
0.4869
0.4853
0.4870
0.4854
0.4839
0.4823
0.4840
0.4824
0.4841
0.4825
0.4810
0.4795
0.4811
0.4796
0.4781
0.4766
0.4783
0.4799
0.4784
0.4769
0.4785
0.4801
0.4817
0.4802
0.4788
0.4804
0.4789
0.4775
0.4760
0.4776
0.4762
0.4777
0.4793
0.4779
0.4794
0.4780
0.4766
0.4752
0.4767
0.4754
0.4769
0.4784
0.4799
0.4814
0.4800
0.4786
0.4801
0.4788
0.4774
0.4789
0.4775
0.4762
0.4749
0.4735
0.4722
0.4737
0.4724
0.4711
0.4698
0.4685
0.4699
0.4687
0.4701
0.4688
0.4703
0.4717
0.4731
0.4718
0.4733
0.4747
0.4761
0.4748
0.4762
0.4749
0.4763
0.4751
0.4738
0.4726
0.4714
0.4727
0.4741
0.4755
0.4742
0.4756
0.4769
0.4783
0.4770
0.4784
0.4797
0.4810
0.4798
0.4811
0.4799
0.4812
0.4800
0.4788
0.4801
0.4789
0.4802
0.4815
0.4828
0.4840
0.4828
0.4817
0.4829
0.4818
0.4806
0.4794
0.4807
0.4819
0.4832
0.4820
0.4809
0.4821
0.4833
0.4846
0.4834
0.4846
0.4858
0.4847
0.4859
0.4871
0.4860
0.4872
0.4884
0.4872
0.4884
0.4873
0.4885
0.4874
0.4862
0.4874
0.4863
0.4852
0.4841
0.4830
0.4842
0.4853
0.4865
0.4876
0.4865
0.4855
0.4866
0.4855
0.4844
0.4856
0.4845
0.4857
0.4868
0.4857
0.4846
0.4858
0.4869
0.4858
0.4848
0.4859
0.4848
0.4860
0.4871
0.4860
0.4871
0.4882
0.4872
0.4861
0.4872
0.4862
0.4873
0.4884
0.4895
0.4905
0.4895
0.4906
0.4916
0.4906
0.4917
0.4927
0.4917
0.4928
0.4938
0.4948
0.4938
0.4949
0.4939
0.4928
0.4939
0.4929
0.4939
0.4929
0.4939
0.4949
0.4940
0.4930
0.4940
0.4930
0.4920
0.4910
0.4900
0.4891
0.4881
0.4871
0.4862
0.4852
0.4843
0.4833
0.4843
0.4834
0.4844
0.4834
0.4825
0.4816
0.4806
0.4797
0.4788
0.4798
0.4788
0.4779
0.4770
0.4780
0.4790
0.4781
0.4772
0.4782
0.4773
0.4783
0.4792
0.4802
0.4812
0.4803
0.4794
0.4804
0.4795
0.4804
0.4796
0.4787
0.4778
0.4787
0.4797
0.4807
0.4816
0.4826
0.4835
0.4826
0.4836
0.4845
0.4836
0.4846
0.4855
0.4846
0.4838
0.4847
0.4838
0.4847
0.4857
0.4866
0.4857
0.4866
0.4875
0.4867
0.4858
0.4867
0.4859
0.4850
0.4842
0.4851
0.4842
0.4834
0.4843
0.4834
0.4843
0.4852
0.4861
0.4853
0.4862
0.4870
0.4879
0.4888
0.4897
0.4906
0.4914
0.4923
0.4932
0.4940
0.4932
0.4924
0.4932
0.4941
0.4932
0.4924
0.4916
0.4908
0.4899
0.4908
0.4916
0.4908
0.4900
0.4892
0.4900
0.4892
0.4884
0.4893
0.4884
0.4893
0.4885
0.4877
0.4885
0.4877
0.4869
0.4861
0.4853
0.4862
0.4854
0.4862
0.4871
0.4863
0.4871
0.4879
0.4887
0.4896
0.4904
0.4912
0.4904
0.4912
0.4904
0.4913
0.4905
0.4913
0.4905
0.4897
0.4905
0.4898
0.4906
0.4898
0.4890
0.4898
0.4906
0.4899
0.4891
0.4883
0.4876
0.4868
0.4861
0.4869
0.4877
0.4884
0.4892
0.4900
0.4893
0.4885
0.4893
0.4885
0.4893
0.4901
0.4909
0.4917
0.4909
0.4902
0.4894
0.4887
0.4895
0.4887
0.4895
0.4888
0.4895
0.4888
0.4881
0.4888
0.4881
0.4874
0.4881
0.4874
0.4867
0.4874
0.4867
0.4875
0.4868
0.4860
0.4868
0.4876
0.4868
0.4876
0.4869
0.4876
0.4869
0.4877
0.4870
0.4863
0.4870
0.4863
0.4856
0.4863
0.4871
0.4878
0.4871
0.4878
0.4871
0.4879
0.4886
0.4893
0.4886
0.4879
0.4887
0.4880
0.4873
0.4866
0.4859
0.4852
0.4846
0.4853
0.4846
0.4853
0.4846
0.4854
0.4847
0.4854
0.4861
0.4868
0.4861
0.4869
0.4862
0.4855
0.4848
0.4842
0.4835
0.4829
0.4822
0.4829
0.4822
0.4816
0.4809
0.4803
0.4810
0.4817
0.4810
0.4817
0.4824
0.4831
0.4825
0.4832
0.4839
0.4832
0.4826
0.4819
0.4813
0.4806
0.4800
0.4794
0.4787
0.4781
0.4788
0.4795
0.4802
0.4795
0.4802
0.4796
0.4803
0.4809
0.4803
0.4810
0.4817
0.4824
0.4830
0.4824
0.4831
0.4837
0.4831
0.4825
0.4819
0.4812
0.4806
0.4813
0.4820
0.4826
0.4833
0.4827
0.4833
0.4827
0.4834
0.4828
0.4834
0.4828
0.4822
0.4816
0.4810
0.4816
0.4810
0.4817
0.4823
0.4817
0.4811
0.4818
0.4824
0.4831
0.4825
0.4831
0.4838
0.4831
0.4838
0.4832
0.4826
0.4832
0.4826
0.4833
0.4839
0.4845
0.4852
0.4846
0.4840
0.4846
0.4853
0.4847
0.4853
0.4859
0.4866
0.4872
0.4866
0.4860
0.4854
0.4848
0.4854
0.4848
0.4843
0.4837
0.4831
0.4825
0.4819
0.4813
0.4808
0.4802
0.4808
0.4814
0.4821
0.4827
0.4833
0.4839
0.4833
0.4839
0.4834
0.4840
0.4834
0.4828
0.4823
0.4817
0.4811
0.4817
0.4824
0.4818
0.4824
0.4818
0.4813
0.4819
0.4813
0.4807
0.4814
0.4820
0.4814
0.4808
0.4814
0.4820
0.4815
0.4809
0.4815
0.4821
0.4816
0.4822
0.4828
0.4822
0.4828
0.4822
0.4817
0.4811
0.4806
0.4800
0.4795
0.4801
0.4807
0.4801
0.4796
0.4802
0.4796
0.4802
0.4797
0.4791
0.4786
0.4781
0.4775
0.4781
0.4787
0.4793
0.4799
0.4793
0.4799
0.4794
0.4788
0.4794
0.4800
0.4795
0.4800
0.4795
0.4801
0.4796
0.4801
0.4796
0.4802
0.4807
0.4813
0.4808
0.4814
0.4808
0.4814
0.4809
0.4803
0.4798
0.4793
0.4799
0.4804
0.4799
0.4805
0.4810
0.4816
0.4811
0.4816
0.4811
0.4806
0.4812
0.4817
0.4812
0.4818
0.4812
0.4807
0.4813
0.4818
0.4824
0.4819
0.4814
0.4809
0.4803
0.4798
0.4793
0.4799
0.4804
0.4799
0.4805
0.4810
0.4805
0.4811
0.4816
0.4811
0.4806
0.4801
0.4806
0.4812
0.4807
0.4812
0.4807
0.4802
0.4797
0.4792
0.4798
0.4803
0.4808
0.4803
0.4798
0.4804
0.4799
0.4794
0.4799
0.4805
0.4810
0.4815
0.4821
0.4826
0.4831
0.4826
0.4821
0.4816
0.4811
0.4817
0.4812
0.4817
0.4812
0.4807
0.4813
0.4808
0.4813
0.4818
0.4813
0.4819
0.4824
0.4819
0.4814
0.4819
0.4814
0.4820
0.4825
0.4820
0.4825
0.4830
0.4835
0.4841
0.4836
0.4831
0.4836
0.4841
0.4846
0.4851
0.4857
0.4862
0.4867
0.4862
0.4857
0.4862
0.4867
0.4862
0.4868
0.4863
0.4858
0.4853
0.4848
0.4854
0.4849
0.4854
0.4859
0.4854
0.4849
0.4854
0.4859
0.4855
0.4850
0.4855
0.4850
0.4846
0.4841
0.4846
0.4851
0.4846
0.4851
0.4846
0.4842
0.4847
0.4842
0.4837
0.4842
0.4838
0.4833
0.4838
0.4833
0.4838
0.4834
0.4829
0.4825
0.4830
0.4825
0.4820
0.4825
0.4821
0.4826
0.4831
0.4826
0.4821
0.4817
0.4822
0.4817
0.4813
0.4818
0.4822
0.4827
0.4832
0.4837
0.4842
0.4837
0.4833
0.4838
0.4842
0.4847
0.4852
0.4857
0.4852
0.4857
0.4852
0.4857
0.4862
0.4857
0.4862
0.4867
0.4872
0.4867
0.4863
0.4867
0.4863
0.4868
0.4863
0.4859
0.4863
0.4868
0.4873
0.4868
0.4873
0.4869
0.4864
0.4860
0.4855
0.4860
0.4865
0.4860
0.4856
0.4851
0.4856
0.4861
0.4856
0.4861
0.4857
0.4861
0.4866
0.4861
0.4866
0.4871
0.4875
0.4871
0.4867
0.4862
0.4858
0.4854
0.4849
0.4845
0.4850
0.4854
0.4859
0.4854
0.4850
0.4855
0.4859
0.4855
0.4851
0.4855
0.4851
0.4855
0.4851
0.4856
0.4851
0.4856
0.4852
0.4847
0.4843
0.4839
0.4843
0.4848
0.4852
0.4848
0.4853
0.4848
0.4844
0.4840
0.4845
0.4840
0.4845
0.4841
0.4836
0.4832
0.4837
0.4833
0.4837
0.4841
0.4846
0.4850
0.4855
0.4859
0.4855
0.4851
0.4855
0.4851
0.4855
0.4860
0.4856
0.4860
0.4856
0.4852
0.4848
0.4852
0.4848
0.4844
0.4840
0.4844
0.4848
0.4844
0.4849
0.4845
0.4849
0.4853
0.4849
0.4854
0.4858
0.4854
0.4850
0.4846
0.4850
0.4846
0.4842
0.4846
0.4850
0.4855
0.4851
0.4847
0.4851
0.4847
0.4843
0.4847
0.4843
0.4847
0.4852
0.4848
0.4844
0.4840
0.4836
0.4832
0.4836
0.4840
0.4836
0.4841
0.4837
0.4841
0.4845
0.4841
0.4837
0.4841
0.4846
0.4842
0.4838
0.4842
0.4846
0.4842
0.4846
0.4850
0.4855
0.4859
0.4855
0.4851
0.4855
0.4851
0.4855
0.4859
0.4864
0.4868
0.4864
0.4860
0.4864
0.4860
0.4856
0.4860
0.4864
0.4869
0.4865
0.4869
0.4865
0.4869
0.4873
0.4869
0.4873
0.4869
0.4866
0.4870
0.4874
0.4870
0.4874
0.4878
0.4882
0.4878
0.4882
0.4878
0.4874
0.4871
0.4875
0.4879
0.4875
0.4871
0.4875
0.4871
0.4875
0.4871
0.4868
