0.0000
0.0000
0.0000
0.0000
0.0000
0.1667
0.2857
0.3750
0.4444
0.4000
0.4545
0.5000
0.5385
0.5000
0.4667
0.5000
0.4706
0.4444
0.4737
0.5000
0.4762
0.5000
0.5217
0.5000
0.4800
0.5000
0.4815
0.5000
0.5172
0.5333
0.5484
0.5312
0.5152
0.5000
0.5143
0.5278
0.5135
0.5000
0.4872
0.4750
0.4878
0.4762
0.4651
0.4545
0.4667
0.4565
0.4681
0.4583
0.4490
0.4400
0.4314
0.4423
0.4528
0.4444
0.4545
0.4464
0.4561
0.4483
0.4576
0.4500
0.4590
0.4677
0.4762
0.4688
0.4615
0.4545
0.4627
0.4559
0.4493
0.4571
0.4507
0.4444
0.4521
0.4459
0.4400
0.4342
0.4286
0.4231
0.4177
0.4125
0.4074
0.4024
0.3976
0.3929
0.3882
0.3953
0.4023
0.3977
0.3933
0.3889
0.3846
0.3913
0.3978
0.3936
0.4000
0.4062
0.4124
0.4184
0.4242
0.4200
0.4257
0.4216
0.4272
0.4327
0.4381
0.4434
0.4393
0.4444
0.4495
0.4455
0.4505
0.4554
0.4602
0.4649
0.4696
0.4655
0.4701
0.4661
0.4706
0.4750
0.4793
0.4836
0.4878
0.4919
0.4880
0.4921
0.4961
0.5000
0.5039
0.5077
0.5115
0.5152
0.5188
0.5224
0.5259
0.5221
0.5182
0.5145
0.5180
0.5214
0.5248
0.5282
0.5315
0.5278
0.5241
0.5205
0.5170
0.5203
0.5168
0.5200
0.5232
0.5263
0.5229
0.5260
0.5290
0.5256
0.5223
0.5190
0.5157
0.5125
0.5155
0.5123
0.5153
0.5122
0.5091
0.5060
0.5030
0.5000
0.4970
0.4941
0.4971
0.4942
0.4913
0.4943
0.4914
0.4886
0.4915
0.4888
0.4860
0.4833
0.4807
0.4835
0.4809
0.4783
0.4757
0.4731
0.4706
0.4734
0.4762
0.4737
0.4764
0.4792
0.4819
0.4794
0.4769
0.4796
0.4822
0.4848
0.4824
0.4800
0.4776
0.4802
0.4828
0.4804
0.4829
0.4806
0.4783
0.4760
0.4785
0.4810
0.4787
0.4811
0.4836
0.4860
0.4884
0.4907
0.4885
0.4862
0.4840
0.4818
0.4796
0.4820
0.4798
0.4777
0.4800
0.4779
0.4758
0.4737
0.4716
0.4696
0.4719
0.4741
0.4721
0.4744
0.4723
0.4703
0.4684
0.4664
0.4686
0.4708
0.4689
0.4669
0.4650
0.4631
0.4653
0.4675
0.4656
0.4637
0.4618
0.4600
0.4622
0.4603
0.4585
0.4606
0.4588
0.4570
0.4553
0.4535
0.4517
0.4538
0.4559
0.4542
0.4525
0.4545
0.4566
0.4549
0.4532
0.4515
0.4498
0.4519
0.4502
0.4522
0.4505
0.4526
0.4545
0.4529
0.4513
0.4496
0.4480
0.4500
0.4484
0.4504
0.4523
0.4542
0.4561
0.4580
0.4564
0.4583
0.4602
0.4621
0.4639
0.4623
0.4608
0.4592
0.4610
0.4628
0.4646
0.4664
0.4682
0.4667
0.4651
0.4669
0.4686
0.4704
0.4689
0.4706
0.4723
0.4740
0.4725
0.4742
0.4759
0.4744
0.4760
0.4777
0.4762
0.4747
0.4732
0.4748
0.4765
0.4750
0.4766
0.4783
0.4799
0.4784
0.4769
0.4785
0.4801
0.4787
0.4772
0.4788
0.4773
0.4789
0.4805
0.4790
0.4806
0.4821
0.4837
0.4852
0.4867
0.4853
0.4839
0.4825
0.4840
0.4826
0.4812
0.4827
0.4813
0.4828
0.4842
0.4857
0.4843
0.4830
0.4816
0.4831
0.4845
0.4860
0.4874
0.4888
0.4903
0.4917
0.4903
0.4890
0.4876
0.4863
0.4877
0.4891
0.4877
0.4864
0.4851
0.4865
0.4879
0.4892
0.4906
0.4893
0.4907
0.4920
0.4934
0.4947
0.4960
0.4974
0.4987
0.5000
0.4987
0.5000
0.4987
0.5000
0.5013
0.5026
0.5039
0.5026
0.5038
0.5051
0.5064
0.5051
0.5038
0.5025
0.5038
0.5050
0.5038
0.5050
0.5037
0.5025
0.5012
0.5025
0.5037
0.5025
0.5037
0.5049
0.5061
0.5049
0.5061
0.5049
0.5036
0.5048
0.5036
0.5024
0.5036
0.5024
0.5012
0.5000
0.4988
0.5000
0.4988
0.4976
0.4965
0.4977
0.4988
0.4977
0.4965
0.4953
0.4942
0.4954
0.4965
0.4954
0.4966
0.4954
0.4966
0.4977
0.4989
0.5000
0.5011
0.5023
0.5034
0.5045
0.5056
0.5045
0.5056
0.5067
0.5078
0.5089
0.5100
0.5111
0.5099
0.5110
0.5121
0.5132
0.5142
0.5131
0.5120
0.5109
0.5119
0.5130
0.5140
0.5151
0.5140
0.5150
0.5139
0.5128
0.5139
0.5149
0.5138
0.5127
0.5116
0.5105
0.5095
0.5105
0.5115
0.5126
0.5136
0.5125
0.5114
0.5104
0.5093
0.5103
0.5113
0.5123
0.5133
0.5123
0.5112
0.5102
0.5112
0.5102
0.5112
0.5121
0.5131
0.5121
0.5111
0.5100
0.5110
0.5100
0.5090
0.5080
0.5089
0.5079
0.5069
0.5079
0.5089
0.5079
0.5069
0.5059
0.5049
0.5039
0.5029
0.5039
0.5029
0.5039
0.5048
0.5039
0.5048
0.5038
0.5029
0.5019
0.5029
0.5019
0.5010
0.5000
0.5009
0.5000
0.5009
0.5019
0.5009
0.5019
0.5028
0.5037
0.5047
0.5037
0.5028
0.5037
0.5046
0.5056
0.5046
0.5037
0.5046
0.5055
0.5046
0.5037
0.5046
0.5055
0.5064
0.5073
0.5082
0.5072
0.5081
0.5090
0.5081
0.5072
0.5063
0.5072
0.5081
0.5089
0.5098
0.5089
0.5080
0.5071
0.5080
0.5071
0.5062
0.5053
0.5044
0.5053
0.5061
0.5052
0.5061
0.5052
0.5061
0.5052
0.5061
0.5052
0.5060
0.5052
0.5060
0.5069
0.5060
0.5068
0.5077
0.5085
0.5077
0.5068
0.5076
0.5085
0.5093
0.5101
0.5093
0.5101
0.5109
0.5101
0.5109
0.5117
0.5125
0.5133
0.5125
0.5133
0.5141
0.5132
0.5124
0.5132
0.5140
0.5132
0.5140
0.5131
0.5139
0.5147
0.5139
0.5130
0.5138
0.5130
0.5122
0.5129
0.5121
0.5113
0.5121
0.5113
0.5104
0.5096
0.5104
0.5096
0.5104
0.5096
0.5087
0.5079
0.5071
0.5079
0.5071
0.5063
0.5055
0.5047
0.5039
0.5031
0.5023
0.5016
0.5008
0.5000
0.5008
0.5000
0.4992
0.5000
0.5008
0.5015
0.5008
0.5000
0.5008
0.5000
0.5008
0.5000
0.5008
0.5000
0.5008
0.5000
0.4992
0.4985
0.4977
0.4970
0.4977
0.4970
0.4962
0.4955
0.4948
0.4940
0.4933
0.4925
0.4933
0.4926
0.4933
0.4926
0.4919
0.4911
0.4919
0.4912
0.4919
0.4926
0.4934
0.4941
0.4949
0.4942
0.4934
0.4927
0.4934
0.4942
0.4949
0.4957
0.4949
0.4942
0.4935
0.4942
0.4935
0.4928
0.4935
0.4928
0.4921
0.4914
0.4907
0.4900
0.4893
0.4886
0.4879
0.4873
0.4866
0.4859
0.4866
0.4859
0.4852
0.4846
0.4839
0.4846
0.4853
0.4860
0.4868
0.4861
0.4868
0.4875
0.4882
0.4889
0.4896
0.4903
0.4910
0.4917
0.4924
0.4931
0.4938
0.4945
0.4952
0.4959
0.4966
0.4959
0.4966
0.4973
0.4980
0.4973
0.4980
0.4986
0.4993
0.5000
0.5007
0.5013
0.5007
0.5000
0.4993
0.4987
0.4980
0.4973
0.4980
0.4973
0.4967
0.4960
0.4967
0.4960
0.4954
0.4947
0.4941
0.4934
0.4941
0.4934
0.4941
0.4948
0.4954
0.4961
0.4954
0.4961
0.4954
0.4948
0.4942
0.4948
0.4942
0.4935
0.4929
0.4936
0.4942
0.4936
0.4929
0.4923
0.4930
0.4923
0.4917
0.4923
0.4917
0.4924
0.4917
0.4911
0.4918
0.4911
0.4905
0.4899
0.4893
0.4899
0.4906
0.4912
0.4918
0.4912
0.4919
0.4925
0.4919
0.4925
0.4919
0.4925
0.4932
0.4938
0.4932
0.4926
0.4920
0.4926
0.4920
0.4914
0.4908
0.4902
0.4896
0.4902
0.4908
0.4902
0.4908
0.4915
0.4909
0.4903
0.4909
0.4903
0.4897
0.4891
0.4897
0.4891
0.4885
0.4892
0.4886
0.4880
0.4886
0.4880
0.4874
0.4868
0.4875
0.4869
0.4875
0.4881
0.4875
0.4881
0.4887
0.4893
0.4899
0.4905
0.4911
0.4917
0.4912
0.4906
0.4912
0.4918
0.4912
0.4918
0.4924
0.4930
0.4924
0.4918
0.4913
0.4907
0.4913
0.4919
0.4925
0.4919
0.4925
0.4919
0.4913
0.4919
0.4914
0.4920
0.4925
0.4931
0.4926
0.4931
0.4937
0.4943
0.4949
0.4954
0.4960
0.4966
0.4972
0.4977
0.4983
0.4989
0.4994
0.5000
0.5006
0.5000
0.5006
0.5011
0.5017
0.5022
0.5028
0.5034
0.5039
0.5045
0.5050
0.5056
0.5061
0.5067
0.5061
0.5055
0.5050
0.5055
0.5050
0.5044
0.5039
0.5033
0.5028
0.5033
0.5038
0.5044
0.5049
0.5044
0.5038
0.5044
0.5038
0.5033
0.5027
0.5033
0.5038
0.5033
0.5027
0.5022
0.5027
0.5022
0.5027
0.5032
0.5027
0.5022
0.5016
0.5021
0.5027
0.5021
0.5016
0.5021
0.5027
0.5021
0.5027
0.5032
0.5037
0.5032
0.5027
0.5021
0.5016
0.5021
0.5026
0.5032
0.5026
0.5021
0.5026
0.5021
0.5026
0.5031
0.5037
0.5031
0.5026
0.5031
0.5036
0.5031
0.5026
0.5021
0.5026
0.5031
0.5026
0.5031
0.5026
0.5021
0.5015
0.5021
0.5015
0.5021
0.5026
0.5021
0.5026
0.5020
0.5026
0.5031
0.5026
0.5020
0.5015
0.5020
0.5015
0.5010
0.5015
0.5010
0.5005
0.5000
0.5005
0.5010
0.5015
0.5010
0.5005
0.5010
0.5015
0.5010
0.5005
0.5010
0.5005
0.5000
0.5005
0.5010
0.5015
0.5020
0.5025
0.5020
0.5025
0.5030
0.5035
0.5040
0.5045
0.5049
0.5044
0.5049
0.5044
0.5049
0.5044
0.5049
0.5054
0.5059
0.5054
0.5059
0.5064
0.5059
0.5054
0.5049
0.5054
0.5058
0.5063
0.5068
0.5063
0.5058
0.5063
0.5068
0.5063
0.5058
0.5053
0.5058
0.5063
0.5058
0.5062
0.5067
0.5062
0.5057
0.5053
0.5057
0.5053
0.5057
0.5052
0.5048
0.5052
0.5048
0.5052
0.5047
0.5043
0.5038
0.5033
0.5028
0.5024
0.5019
0.5014
0.5009
0.5005
0.5009
0.5005
0.5009
0.5005
0.5000
0.4995
0.4991
0.4986
0.4981
0.4977
0.4972
0.4977
0.4972
0.4977
0.4972
0.4977
0.4981
0.4977
0.4972
0.4968
0.4963
0.4968
0.4963
0.4959
0.4963
0.4968
0.4972
0.4977
0.4982
0.4986
0.4991
0.4995
0.5000
0.5005
0.5009
0.5014
0.5018
0.5023
0.5018
0.5023
0.5027
0.5032
0.5036
0.5041
0.5045
0.5050
0.5054
0.5059
0.5063
0.5067
0.5072
0.5076
0.5081
0.5085
0.5081
0.5076
0.5080
0.5076
0.5080
0.5076
0.5080
0.5076
0.5080
0.5084
0.5089
0.5093
0.5088
0.5093
0.5097
0.5102
0.5106
0.5110
0.5114
0.5119
0.5114
0.5119
0.5123
0.5127
0.5123
0.5118
0.5122
0.5127
0.5122
0.5126
0.5131
0.5126
0.5122
0.5117
0.5113
0.5117
0.5113
0.5108
0.5104
0.5099
0.5095
0.5091
0.5086
0.5082
0.5077
0.5073
0.5077
0.5073
0.5069
0.5064
0.5060
0.5056
0.5051
0.5047
0.5043
0.5038
0.5034
0.5030
0.5026
0.5021
0.5025
0.5030
0.5025
0.5021
0.5017
0.5013
0.5008
0.5004
0.5008
0.5013
0.5008
0.5013
0.5008
0.5013
0.5008
0.5004
0.5008
0.5004
0.5000
0.4996
0.5000
0.4996
0.5000
0.5004
0.5008
0.5012
0.5008
0.5004
0.5008
0.5012
0.5008
0.5004
0.5008
0.5012
0.5017
0.5021
0.5025
0.5029
0.5033
0.5037
0.5041
0.5045
0.5041
0.5045
0.5049
0.5045
0.5049
0.5053
0.5057
0.5061
0.5065
0.5069
0.5073
0.5077
0.5081
0.5085
0.5089
0.5093
0.5097
0.5093
0.5097
0.5101
0.5105
0.5101
0.5105
0.5101
0.5096
0.5092
0.5088
0.5084
0.5080
0.5076
0.5080
0.5084
0.5080
0.5076
0.5072
0.5068
0.5064
0.5060
0.5056
0.5052
0.5048
0.5044
0.5048
0.5044
0.5047
0.5043
0.5039
0.5036
0.5032
0.5035
0.5039
0.5035
0.5039
0.5043
0.5047
0.5051
0.5047
0.5043
0.5039
0.5035
0.5031
0.5027
0.5031
0.5027
0.5031
0.5035
0.5031
0.5035
0.5039
0.5043
0.5047
0.5043
0.5046
0.5043
0.5046
0.5050
0.5046
0.5042
0.5039
0.5035
0.5031
0.5027
0.5023
0.5027
0.5031
0.5027
0.5023
0.5019
0.5015
0.5011
0.5008
0.5004
0.5000
0.4996
0.4992
0.4989
0.4985
0.4981
0.4977
0.4973
0.4970
0.4966
0.4970
0.4966
0.4962
0.4958
0.4955
0.4951
0.4947
0.4944
0.4940
0.4936
0.4932
0.4929
0.4933
0.4936
0.4940
0.4944
0.4948
0.4951
0.4955
0.4952
0.4955
0.4959
0.4963
0.4967
0.4970
0.4974
0.4978
0.4981
0.4985
0.4981
0.4985
0.4989
0.4985
0.4989
0.4993
0.4996
0.5000
0.5004
0.5007
0.5011
0.5015
0.5011
0.5015
0.5018
0.5015
0.5011
0.5007
0.5004
0.5007
0.5004
0.5000
0.4996
0.5000
0.4996
0.4993
0.4989
0.4985
0.4989
0.4986
0.4982
0.4978
0.4975
0.4971
0.4968
0.4964
0.4960
0.4964
0.4960
0.4957
0.4953
0.4950
0.4953
0.4957
0.4953
0.4950
0.4946
0.4943
0.4946
0.4943
0.4939
0.4943
0.4939
0.4943
0.4940
0.4936
0.4940
0.4936
0.4933
0.4929
0.4926
0.4922
0.4919
0.4915
0.4912
0.4908
0.4905
0.4908
0.4905
0.4901
0.4898
0.4895
0.4891
0.4888
0.4884
0.4881
0.4877
0.4881
0.4885
0.4881
0.4885
0.4881
0.4885
0.4888
0.4885
0.4889
0.4892
0.4896
0.4892
0.4896
0.4899
0.4903
0.4906
0.4910
0.4913
0.4917
0.4921
0.4924
0.4928
0.4931
0.4935
0.4938
0.4942
0.4938
0.4942
0.4945
0.4949
0.4945
0.4949
0.4952
0.4956
0.4959
0.4962
0.4966
0.4969
0.4973
0.4976
0.4980
0.4983
0.4986
0.4990
0.4993
0.4997
0.5000
0.5003
0.5007
0.5010
0.5014
0.5017
0.5020
0.5024
0.5027
0.5030
0.5034
0.5037
0.5040
0.5044
0.5047
0.5044
0.5040
0.5037
0.5034
0.5037
0.5040
0.5037
0.5040
0.5037
0.5033
0.5030
0.5027
0.5023
0.5020
0.5017
0.5013
0.5010
0.5007
0.5003
0.5000
0.4997
0.5000
0.4997
0.5000
0.4997
0.5000
0.4997
0.4993
0.4990
0.4993
0.4990
0.4993
0.4997
0.5000
0.5003
0.5007
0.5010
0.5013
0.5016
0.5020
0.5023
0.5026
0.5029
0.5026
0.5029
0.5033
0.5036
0.5039
0.5042
0.5046
0.5049
0.5052
0.5055
0.5058
0.5062
0.5065
0.5068
0.5065
0.5068
0.5065
0.5068
0.5071
0.5074
0.5071
0.5068
0.5064
0.5061
0.5058
0.5055
0.5051
0.5048
0.5045
0.5042
0.5045
0.5042
0.5038
0.5035
0.5032
0.5029
0.5026
0.5022
0.5019
0.5022
0.5019
0.5016
0.5019
0.5016
0.5013
0.5010
0.5006
0.5009
0.5006
0.5003
0.5006
0.5009
0.5006
0.5009
0.5013
0.5016
0.5019
0.5022
0.5019
0.5022
0.5025
0.5028
0.5031
0.5034
0.5038
0.5041
0.5044
0.5047
0.5050
0.5047
0.5050
0.5053
0.5056
0.5053
0.5056
0.5059
0.5062
0.5059
0.5062
0.5065
0.5062
0.5065
0.5062
0.5059
0.5056
0.5053
0.5049
0.5046
0.5043
0.5040
0.5043
0.5040
0.5037
0.5034
0.5031
0.5028
0.5025
0.5021
0.5018
0.5015
0.5012
0.5009
0.5006
0.5009
0.5006
0.5003
0.5006
0.5003
0.5000
0.4997
0.4994
0.4991
0.4988
0.4985
0.4982
0.4979
0.4976
0.4973
0.4970
0.4973
0.4970
0.4967
0.4964
0.4961
0.4958
0.4955
0.4958
0.4955
0.4952
0.4949
0.4946
0.4943
0.4940
0.4937
0.4940
0.4937
0.4934
0.4937
0.4934
0.4931
0.4928
0.4925
0.4928
0.4925
0.4928
0.4925
0.4928
0.4926
0.4929
0.4926
0.4923
0.4926
0.4923
0.4920
0.4917
0.4914
0.4917
0.4914
0.4917
0.4914
0.4911
0.4908
0.4906
0.4903
0.4900
0.4903
0.4900
0.4903
0.4900
0.4903
0.4900
0.4903
0.4900
0.4897
0.4900
0.4897
0.4900
0.4903
0.4906
0.4909
0.4912
0.4910
0.4912
0.4915
0.4918
0.4921
0.4919
0.4921
0.4924
0.4927
0.4930
0.4933
0.4936
0.4939
0.4942
0.4945
0.4948
0.4951
0.4954
0.4957
0.4960
0.4962
0.4965
0.4968
0.4971
0.4974
0.4977
0.4980
0.4983
0.4986
0.4989
0.4991
0.4994
0.4997
0.5000
0.5003
0.5006
0.5003
0.5006
0.5009
0.5011
0.5014
0.5017
0.5020
0.5023
0.5026
0.5028
0.5031
0.5034
0.5031
0.5034
0.5037
0.5034
0.5037
0.5040
0.5037
0.5034
0.5031
0.5028
0.5025
0.5023
0.5025
0.5023
0.5020
0.5017
0.5014
0.5011
0.5008
0.5011
0.5008
0.5011
0.5008
0.5011
0.5008
0.5011
0.5014
0.5017
0.5014
0.5011
0.5008
0.5006
0.5008
0.5006
0.5003
0.5006
0.5008
0.5006
0.5003
0.5000
0.4997
0.5000
0.4997
0.4994
0.4992
0.4989
0.4992
0.4994
0.4997
0.4994
0.4997
0.4994
0.4992
0.4989
0.4986
0.4983
0.4981
0.4978
0.4975
0.4978
0.4975
0.4973
0.4975
0.4973
0.4970
0.4967
0.4964
0.4962
0.4959
0.4956
0.4959
0.4956
0.4959
0.4962
0.4959
0.4956
0.4959
0.4956
0.4954
0.4951
0.4948
0.4951
0.4948
0.4946
0.4943
0.4946
0.4949
0.4951
0.4954
0.4957
0.4959
0.4962
0.4965
0.4968
0.4965
0.4962
0.4965
0.4968
0.4970
0.4968
0.4965
0.4962
0.4960
0.4957
0.4954
0.4952
0.4949
0.4946
0.4944
0.4941
0.4939
0.4936
0.4939
0.4936
0.4933
0.4936
0.4933
0.4936
0.4933
0.4936
0.4939
0.4936
0.4934
0.4931
0.4934
0.4936
0.4934
0.4931
0.4929
0.4926
0.4923
0.4926
0.4923
0.4926
0.4929
0.4931
0.4934
0.4937
0.4939
0.4942
0.4945
0.4947
0.4950
0.4947
0.4950
0.4953
0.4955
0.4958
0.4961
0.4963
0.4961
0.4963
0.4966
0.4969
0.4971
0.4974
0.4977
0.4979
0.4982
0.4984
0.4987
0.4990
0.4992
0.4995
0.4997
0.5000
0.5003
0.5005
0.5008
0.5010
0.5013
0.5016
0.5018
0.5021
0.5023
0.5026
0.5028
0.5031
0.5034
0.5036
0.5039
0.5041
0.5044
0.5046
0.5049
0.5051
0.5054
0.5056
0.5059
0.5062
0.5064
0.5067
0.5069
0.5072
0.5074
0.5077
0.5074
0.5077
0.5079
0.5082
0.5084
0.5087
0.5089
0.5087
0.5089
0.5092
0.5089
0.5091
0.5094
0.5091
0.5089
0.5091
0.5089
0.5091
0.5094
0.5096
0.5099
0.5101
0.5104
0.5101
0.5098
0.5101
0.5103
0.5106
0.5103
0.5101
0.5098
0.5096
0.5093
0.5090
0.5088
0.5085
0.5083
0.5080
0.5078
0.5075
0.5073
0.5070
0.5068
0.5065
0.5062
0.5060
0.5057
0.5055
0.5052
0.5050
0.5047
0.5050
0.5047
0.5045
0.5042
0.5040
0.5037
0.5035
0.5032
0.5030
0.5032
0.5035
0.5037
0.5035
0.5037
0.5040
0.5042
0.5044
0.5047
0.5049
0.5047
0.5049
0.5052
0.5054
0.5057
0.5054
0.5057
0.5059
0.5061
0.5064
0.5066
0.5069
0.5071
0.5074
0.5076
0.5078
0.5081
0.5083
0.5086
0.5088
0.5085
0.5083
0.5081
0.5078
0.5076
0.5078
0.5075
0.5073
0.5075
0.5073
0.5075
0.5073
0.5070
0.5068
0.5066
0.5063
0.5061
0.5058
0.5056
0.5053
0.5051
0.5048
0.5046
0.5043
0.5046
0.5043
0.5041
0.5039
0.5036
0.5034
0.5031
0.5034
0.5036
0.5038
0.5041
0.5043
0.5046
0.5048
0.5046
0.5043
0.5046
0.5048
0.5045
0.5043
0.5045
0.5048
0.5045
0.5048
0.5045
0.5048
0.5050
0.5052
0.5055
0.5057
0.5059
0.5062
0.5064
0.5067
0.5069
0.5071
0.5074
0.5076
0.5073
0.5071
0.5069
0.5066
0.5064
0.5061
0.5059
0.5057
0.5054
0.5052
0.5050
0.5047
0.5045
0.5042
0.5040
0.5038
0.5035
0.5038
0.5035
0.5033
0.5031
0.5028
0.5026
0.5023
0.5021
0.5019
0.5016
0.5014
0.5012
0.5009
0.5007
0.5005
0.5002
0.5000
0.4998
0.5000
0.4998
0.4995
0.4993
0.4991
0.4988
0.4986
0.4984
0.4981
0.4979
0.4977
0.4974
0.4972
0.4970
0.4968
0.4965
0.4963
0.4965
0.4963
0.4961
0.4958
0.4961
0.4958
0.4956
0.4954
0.4952
0.4949
0.4947
0.4949
0.4947
0.4945
0.4947
0.4949
0.4947
0.4949
0.4947
0.4950
0.4947
0.4945
0.4943
0.4940
0.4943
0.4941
0.4943
0.4941
0.4938
0.4936
0.4934
0.4936
0.4938
0.4936
0.4934
0.4932
0.4934
0.4936
0.4934
0.4936
0.4939
0.4936
0.4939
0.4941
0.4943
0.4946
0.4948
0.4950
0.4952
0.4955
0.4957
0.4959
0.4957
0.4959
0.4962
0.4964
0.4966
0.4968
0.4971
0.4973
0.4975
0.4977
0.4975
0.4978
0.4980
0.4982
0.4984
0.4987
0.4989
0.4991
0.4993
0.4996
0.4993
0.4991
0.4989
0.4987
0.4984
0.4982
0.4980
0.4978
0.4975
0.4978
0.4975
0.4973
0.4971
0.4969
0.4967
0.4964
0.4962
0.4960
0.4958
0.4956
0.4953
0.4951
0.4949
0.4947
0.4945
0.4942
0.4940
0.4938
0.4936
0.4934
0.4932
0.4929
0.4932
0.4929
0.4927
0.4925
0.4923
0.4925
0.4923
0.4921
0.4919
0.4916
0.4914
0.4912
0.4910
0.4908
0.4906
0.4904
0.4901
0.4899
0.4897
0.4895
0.4893
0.4891
0.4889
0.4886
0.4884
0.4882
0.4880
0.4878
0.4876
0.4874
0.4876
0.4874
0.4876
0.4874
0.4872
0.4874
0.4872
0.4870
0.4868
0.4865
0.4863
0.4861
0.4863
0.4861
0.4859
0.4857
0.4855
0.4853
0.4851
0.4853
0.4851
0.4849
0.4851
0.4853
0.4851
0.4853
0.4856
0.4854
0.4851
0.4849
0.4847
0.4845
0.4843
0.4841
0.4839
0.4837
0.4839
0.4837
0.4839
0.4841
0.4839
0.4837
0.4840
0.4837
0.4835
0.4833
0.4831
0.4829
0.4827
0.4825
0.4823
0.4821
0.4819
0.4821
0.4819
0.4821
0.4819
0.4821
0.4819
0.4822
0.4820
0.4817
0.4820
0.4818
0.4820
0.4822
0.4824
0.4822
0.4820
0.4822
0.4820
0.4822
0.4820
0.4823
0.4825
0.4827
0.4829
0.4827
0.4825
0.4827
0.4829
0.4827
0.4830
0.4832
0.4834
0.4832
0.4834
0.4836
0.4834
0.4832
0.4830
0.4828
0.4830
0.4832
0.4835
0.4837
0.4835
0.4837
0.4839
0.4841
0.4843
0.4846
0.4848
0.4846
0.4848
0.4850
0.4852
0.4854
0.4856
0.4859
0.4861
0.4863
0.4865
0.4867
0.4869
0.4871
0.4873
0.4876
0.4878
0.4880
0.4882
0.4884
0.4886
0.4888
0.4886
0.4888
0.4891
0.4889
0.4891
0.4893
0.4895
0.4897
0.4895
0.4893
0.4895
0.4897
0.4895
0.4897
0.4899
0.4901
0.4903
0.4906
0.4908
0.4910
0.4908
0.4910
0.4912
0.4914
0.4916
0.4918
0.4916
0.4918
0.4920
0.4922
0.4924
0.4922
0.4920
0.4918
0.4916
0.4914
0.4916
0.4914
0.4912
0.4910
0.4908
0.4907
0.4905
0.4903
0.4901
0.4899
0.4897
0.4895
0.4893
0.4891
0.4889
0.4887
0.4885
0.4883
0.4885
0.4883
0.4881
0.4879
0.4877
0.4879
0.4877
0.4875
0.4877
0.4875
0.4877
0.4879
0.4881
0.4883
0.4885
0.4887
0.4890
0.4892
0.4894
0.4896
0.4898
0.4900
0.4902
0.4904
0.4906
0.4908
0.4910
0.4912
0.4914
0.4916
0.4918
0.4920
0.4922
0.4924
0.4926
0.4924
0.4926
0.4928
0.4930
0.4928
0.4926
0.4924
0.4922
0.4924
0.4926
0.4929
0.4927
0.4925
0.4923
0.4925
0.4923
0.4921
0.4919
0.4921
0.4919
0.4921
0.4919
0.4921
0.4919
0.4921
0.4923
0.4925
0.4927
0.4925
0.4923
0.4925
0.4927
0.4929
0.4927
0.4925
0.4923
0.4921
0.4919
0.4918
0.4916
0.4918
0.4916
0.4914
0.4912
0.4910
0.4908
0.4906
0.4904
0.4906
0.4904
0.4906
0.4904
0.4902
0.4904
0.4906
0.4904
0.4902
0.4901
0.4899
0.4897
0.4895
0.4893
0.4891
0.4889
0.4887
0.4885
0.4883
0.4882
0.4880
0.4878
0.4876
0.4878
0.4880
0.4878
0.4876
0.4874
0.4872
0.4870
0.4869
0.4871
0.4869
0.4871
0.4873
0.4871
0.4869
0.4867
0.4865
0.4863
0.4861
0.4859
0.4858
0.4856
0.4854
0.4852
0.4850
0.4848
0.4846
0.4845
0.4843
0.4841
0.4839
0.4837
0.4835
0.4833
0.4835
0.4834
0.4832
0.4834
0.4832
0.4830
0.4828
0.4826
0.4824
0.4823
0.4821
0.4819
0.4817
0.4815
0.4817
0.4815
0.4814
0.4812
0.4810
0.4808
0.4806
0.4808
0.4806
0.4805
0.4803
0.4801
0.4799
0.4797
0.4799
0.4801
0.4799
0.4801
0.4800
0.4802
0.4803
0.4805
0.4807
0.4809
0.4811
0.4813
0.4815
0.4817
0.4819
0.4821
0.4819
0.4821
0.4819
0.4821
0.4820
0.4821
0.4823
0.4825
0.4827
0.4829
0.4831
0.4829
0.4828
0.4830
0.4831
0.4830
0.4828
0.4826
0.4824
0.4822
0.4821
0.4823
0.4824
0.4826
0.4825
0.4827
0.4825
0.4827
0.4829
0.4827
0.4829
0.4827
0.4829
0.4827
0.4829
0.4831
0.4833
0.4831
0.4833
0.4835
0.4837
0.4839
0.4841
0.4843
0.4844
0.4846
0.4848
0.4850
0.4852
0.4850
0.4852
0.4854
0.4856
0.4854
0.4856
0.4858
0.4856
0.4858
0.4856
0.4855
0.4856
0.4855
0.4857
0.4858
0.4860
0.4859
0.4860
0.4862
0.4864
0.4866
0.4868
0.4870
0.4868
0.4870
0.4868
0.4870
0.4872
0.4870
0.4872
0.4874
0.4876
0.4874
0.4876
0.4874
0.4872
0.4874
0.4876
0.4878
0.4880
0.4882
0.4883
0.4885
0.4887
0.4889
0.4891
0.4893
0.4895
0.4893
0.4891
0.4889
0.4891
0.4889
0.4891
0.4889
0.4891
0.4890
0.4891
0.4893
0.4895
0.4897
0.4899
0.4901
0.4902
0.4904
0.4903
0.4904
0.4906
0.4908
0.4910
0.4912
0.4914
0.4912
0.4914
0.4912
0.4910
0.4908
0.4907
0.4908
0.4910
0.4912
0.4910
0.4912
0.4910
0.4912
0.4914
0.4912
0.4910
0.4912
0.4911
0.4909
0.4907
0.4905
0.4904
0.4902
0.4900
0.4902
0.4900
0.4898
0.4897
0.4895
0.4893
0.4891
0.4890
0.4888
0.4886
0.4884
0.4886
0.4884
0.4883
0.4881
0.4879
0.4878
0.4876
0.4878
0.4876
0.4874
0.4876
0.4878
0.4876
0.4878
0.4880
0.4881
0.4883
0.4885
0.4887
0.4889
0.4887
0.4885
0.4887
0.4889
0.4891
0.4889
0.4891
0.4893
0.4894
0.4896
0.4898
0.4900
0.4898
0.4900
0.4898
0.4900
0.4902
0.4900
0.4902
0.4904
0.4905
0.4907
0.4905
0.4904
0.4902
0.4900
0.4902
0.4904
0.4906
0.4907
0.4909
0.4911
0.4913
0.4914
0.4916
0.4918
0.4916
0.4915
0.4916
0.4918
0.4920
0.4922
0.4923
0.4925
0.4927
0.4929
0.4931
0.4932
0.4934
0.4936
0.4938
0.4939
0.4941
0.4943
0.4945
0.4946
0.4945
0.4946
0.4948
0.4946
0.4948
0.4950
0.4952
0.4953
0.4955
0.4957
0.4959
0.4960
0.4962
0.4964
0.4966
0.4967
0.4969
0.4971
0.4972
0.4974
0.4976
0.4978
0.4979
0.4981
0.4983
0.4985
0.4986
0.4985
0.4986
0.4988
0.4986
0.4985
0.4986
0.4988
0.4986
0.4988
0.4990
0.4988
0.4986
0.4985
0.4986
0.4988
0.4990
0.4991
0.4993
0.4991
0.4990
0.4991
0.4993
0.4995
0.4993
0.4995
0.4997
0.4998
0.4997
0.4998
0.5000
0.5002
0.5003
0.5005
0.5007
0.5005
0.5003
0.5002
0.5003
0.5005
0.5007
0.5005
0.5007
0.5005
0.5003
0.5005
0.5003
0.5005
0.5007
0.5008
0.5007
0.5008
0.5010
0.5008
0.5010
0.5008
0.5007
0.5005
0.5007
0.5005
0.5007
0.5008
0.5010
0.5012
0.5013
0.5015
0.5017
0.5018
0.5017
0.5018
0.5017
0.5018
0.5020
0.5022
0.5023
0.5025
0.5023
0.5022
0.5023
0.5025
0.5027
0.5028
0.5030
0.5028
0.5030
0.5032
0.5033
0.5035
0.5037
0.5035
0.5037
0.5038
0.5040
0.5038
0.5040
0.5038
0.5037
0.5038
0.5040
0.5041
0.5040
0.5038
0.5040
0.5038
0.5036
0.5035
0.5033
0.5031
0.5030
0.5031
0.5030
0.5031
0.5033
0.5031
0.5030
0.5028
0.5026
0.5028
0.5026
0.5025
0.5026
0.5025
0.5026
0.5025
0.5023
0.5021
0.5020
0.5018
0.5016
0.5018
0.5016
0.5015
0.5016
0.5015
0.5016
0.5018
0.5016
0.5015
0.5013
0.5011
0.5010
0.5008
0.5007
0.5005
0.5007
0.5005
0.5003
0.5005
0.5003
0.5005
0.5003
0.5002
0.5000
0.5002
0.5000
0.5002
0.5000
0.5002
0.5000
0.4998
0.4997
0.4998
0.4997
0.4998
0.5000
0.4998
0.5000
0.4998
0.5000
0.5002
0.5000
0.5002
0.5003
0.5002
0.5003
0.5002
0.5003
0.5002
0.5000
0.4998
0.4997
0.4998
0.4997
0.4995
0.4994
0.4995
0.4994
0.4995
0.4994
0.4992
0.4990
0.4992
0.4994
0.4995
0.4997
0.4998
0.4997
0.4998
0.5000
0.5002
0.5003
0.5002
0.5003
0.5005
0.5003
0.5005
0.5006
0.5005
0.5003
0.5005
0.5006
0.5005
0.5006
0.5008
0.5006
0.5005
0.5006
0.5008
0.5006
0.5008
0.5006
0.5008
0.5010
0.5011
0.5013
0.5011
0.5013
0.5014
0.5016
0.5014
0.5016
0.5017
0.5019
0.5021
0.5022
0.5024
0.5022
0.5021
0.5022
0.5024
0.5025
0.5027
0.5029
0.5027
0.5025
0.5027
0.5028
0.5030
0.5028
0.5030
0.5028
0.5027
0.5025
0.5024
0.5022
0.5021
0.5022
0.5020
0.5019
0.5017
0.5019
0.5020
0.5022
0.5024
0.5022
0.5024
0.5022
0.5024
0.5025
0.5024
0.5022
0.5020
0.5022
0.5020
0.5019
0.5017
0.5019
0.5017
0.5019
0.5020
0.5022
0.5020
0.5019
0.5020
0.5019
0.5017
0.5016
0.5014
0.5012
0.5011
0.5009
0.5008
0.5009
0.5008
0.5006
0.5005
0.5003
0.5005
0.5003
0.5002
0.5003
0.5005
0.5003
0.5005
0.5003
0.5002
0.5000
0.4998
0.4997
0.4998
0.4997
0.4998
0.4997
0.4995
0.4994
0.4995
0.4994
0.4992
0.4991
0.4989
0.4988
0.4989
0.4988
0.4986
0.4985
0.4983
0.4981
0.4983
0.4981
0.4980
0.4982
0.4980
0.4982
0.4980
0.4982
0.4980
0.4978
0.4977
0.4975
0.4977
0.4975
0.4974
0.4975
0.4977
0.4975
0.4974
0.4972
0.4974
0.4972
0.4971
0.4969
0.4968
0.4966
0.4965
0.4963
0.4962
0.4960
0.4962
0.4963
0.4965
0.4963
0.4962
0.4963
0.4965
0.4966
0.4965
0.4966
0.4968
0.4966
0.4965
0.4963
0.4962
0.4960
0.4959
0.4957
0.4956
0.4954
0.4953
0.4954
0.4956
0.4957
0.4959
0.4958
0.4959
0.4961
0.4959
0.4958
0.4956
0.4958
0.4959
0.4958
0.4959
0.4961
0.4962
0.4964
0.4965
0.4964
0.4965
0.4964
0.4965
0.4967
0.4965
0.4967
0.4968
0.4967
0.4965
0.4964
0.4965
0.4964
0.4962
0.4961
0.4962
0.4964
0.4962
0.4961
0.4959
0.4958
0.4956
0.4955
0.4956
0.4955
0.4954
0.4955
0.4954
0.4952
0.4954
0.4955
0.4957
0.4958
0.4957
0.4955
0.4954
0.4952
0.4951
0.4952
0.4954
0.4955
0.4957
0.4955
0.4957
0.4958
0.4960
0.4961
0.4963
0.4961
0.4963
0.4964
0.4966
0.4964
0.4966
0.4967
0.4966
0.4967
0.4969
0.4970
0.4972
0.4973
0.4972
0.4970
0.4972
0.4970
0.4972
0.4973
0.4975
0.4976
0.4978
0.4979
0.4981
0.4982
0.4981
0.4979
0.4978
0.4976
0.4978
0.4976
0.4978
0.4979
0.4978
0.4976
0.4975
0.4976
0.4975
0.4976
0.4978
0.4976
0.4978
0.4979
0.4981
0.4982
0.4984
0.4982
0.4981
0.4979
0.4981
0.4982
0.4984
0.4982
0.4981
0.4979
0.4981
0.4982
0.4984
0.4982
0.4984
0.4985
0.4987
0.4988
0.4987
0.4988
0.4990
0.4991
0.4993
0.4994
0.4993
0.4991
0.4993
0.4991
0.4993
0.4994
0.4993
0.4994
0.4993
0.4991
0.4993
0.4994
0.4996
0.4997
0.4999
0.5000
0.4999
0.5000
0.5001
0.5003
0.5001
0.5003
0.5004
0.5003
0.5004
0.5006
0.5007
0.5006
0.5004
0.5003
0.5001
0.5000
0.4999
0.5000
0.4999
0.5000
0.4999
0.4997
0.4999
0.5000
0.5001
0.5003
0.5004
0.5003
0.5001
0.5003
0.5004
0.5003
0.5004
0.5003
0.5001
0.5000
0.5001
0.5000
0.4999
0.4997
0.4996
0.4994
0.4993
0.4991
0.4993
0.4991
0.4990
0.4991
0.4993
0.4994
0.4993
0.4991
0.4993
0.4991
0.4990
0.4989
0.4987
0.4986
0.4984
0.4986
0.4984
0.4986
0.4987
0.4989
0.4987
0.4989
0.4987
0.4989
0.4987
0.4986
0.4984
0.4983
0.4982
0.4980
0.4982
0.4980
0.4979
0.4977
0.4976
0.4974
0.4976
0.4974
0.4973
0.4972
0.4970
0.4972
0.4970
0.4969
0.4970
0.4969
0.4967
0.4966
0.4965
0.4966
0.4967
0.4969
0.4970
0.4972
0.4970
0.4969
0.4968
0.4969
0.4970
0.4972
0.4973
0.4975
0.4973
0.4972
0.4973
0.4975
0.4976
0.4977
0.4976
0.4978
0.4976
0.4978
0.4979
0.4980
0.4982
0.4983
0.4982
0.4983
0.4985
0.4986
0.4985
0.4986
0.4985
0.4983
0.4982
0.4980
0.4979
0.4978
0.4976
0.4978
0.4976
0.4975
0.4973
0.4972
0.4973
0.4975
0.4973
0.4972
0.4971
0.4969
0.4968
0.4969
0.4968
0.4967
0.4965
0.4964
0.4962
0.4961
0.4960
0.4958
0.4957
0.4956
0.4954
0.4953
0.4951
0.4950
0.4949
0.4947
0.4946
0.4945
0.4943
0.4942
0.4940
0.4942
0.4943
0.4942
0.4940
0.4939
0.4941
0.4939
0.4938
0.4936
0.4935
0.4934
0.4932
0.4934
0.4932
0.4931
0.4932
0.4931
0.4930
0.4931
0.4932
0.4931
0.4933
0.4934
0.4935
0.4937
0.4935
0.4937
0.4938
0.4937
0.4935
0.4934
0.4933
0.4934
0.4935
0.4937
0.4938
0.4937
0.4938
0.4937
0.4938
0.4937
0.4938
0.4940
0.4941
0.4943
0.4944
0.4945
0.4944
0.4945
0.4947
0.4948
0.4949
0.4951
0.4952
0.4954
0.4952
0.4954
0.4955
0.4956
0.4958
0.4959
0.4958
0.4959
0.4961
0.4962
0.4963
0.4965
0.4966
0.4965
0.4963
0.4965
0.4963
0.4965
0.4966
0.4967
0.4969
0.4970
0.4972
0.4973
0.4974
0.4976
0.4974
0.4976
0.4974
0.4976
0.4974
0.4976
0.4977
0.4976
0.4974
0.4976
0.4974
0.4976
0.4977
0.4976
0.4977
0.4978
0.4977
0.4978
0.4980
0.4978
0.4980
0.4981
0.4982
0.4984
0.4985
0.4987
0.4988
0.4989
0.4988
0.4987
0.4988
0.4987
0.4988
0.4987
0.4988
0.4989
0.4991
0.4992
0.4993
0.4995
0.4996
0.4997
0.4996
0.4997
0.4999
0.5000
0.5001
0.5003
0.5001
0.5000
0.5001
0.5000
0.4999
0.5000
0.5001
0.5000
0.5001
0.5003
0.5001
0.5000
0.5001
0.5000
0.5001
0.5000
0.4999
0.4997
0.4996
0.4997
0.4996
0.4995
0.4996
0.4995
0.4993
0.4995
0.4993
0.4995
0.4996
0.4995
0.4993
0.4992
0.4993
0.4992
0.4991
0.4989
0.4988
0.4987
0.4985
0.4984
0.4983
0.4981
0.4983
0.4981
0.4980
0.4982
0.4983
0.4984
0.4983
0.4984
0.4985
0.4984
0.4985
0.4987
0.4985
0.4987
0.4986
0.4987
0.4986
0.4984
0.4983
0.4982
0.4983
0.4982
0.4980
0.4982
0.4983
0.4982
0.4983
0.4982
0.4980
0.4982
0.4980
0.4979
0.4978
0.4976
0.4975
0.4974
0.4972
0.4974
0.4973
0.4971
0.4970
0.4969
0.4967
0.4966
0.4965
0.4963
0.4965
0.4966
0.4967
0.4966
0.4965
0.4963
0.4965
0.4966
0.4967
0.4969
0.4967
0.4966
0.4965
0.4966
0.4965
0.4964
0.4962
0.4961
0.4962
0.4961
0.4962
0.4964
0.4962
0.4961
0.4962
0.4961
0.4962
0.4964
0.4965
0.4966
0.4968
0.4969
0.4968
0.4969
0.4970
0.4972
0.4973
0.4974
0.4975
0.4974
0.4973
0.4974
0.4975
0.4974
0.4973
0.4974
0.4973
0.4974
0.4975
0.4977
0.4975
0.4977
0.4978
0.4977
0.4978
0.4977
0.4976
0.4974
0.4973
0.4972
0.4970
0.4972
0.4973
0.4974
0.4973
0.4972
0.4970
0.4969
0.4970
0.4969
0.4968
0.4969
0.4968
0.4967
0.4965
0.4964
0.4963
0.4962
0.4960
0.4959
0.4958
0.4956
0.4955
0.4954
0.4953
0.4951
0.4950
0.4951
0.4950
0.4949
0.4948
0.4949
0.4948
0.4949
0.4948
0.4946
0.4945
0.4944
0.4943
0.4941
0.4940
0.4939
0.4938
0.4939
0.4938
0.4936
0.4938
0.4936
0.4935
0.4934
0.4933
0.4934
0.4935
0.4934
0.4933
0.4934
0.4935
0.4937
0.4935
0.4937
0.4938
0.4939
0.4940
0.4942
0.4943
0.4944
0.4943
0.4944
0.4946
0.4947
0.4946
0.4947
0.4946
0.4944
0.4946
0.4947
0.4946
0.4947
0.4948
0.4950
0.4948
0.4950
0.4948
0.4947
0.4946
0.4945
0.4943
0.4942
0.4941
0.4940
0.4938
0.4940
0.4941
0.4942
0.4941
0.4940
0.4938
0.4937
0.4936
0.4935
0.4936
0.4935
0.4936
0.4935
0.4936
0.4935
0.4934
0.4935
0.4934
0.4932
0.4931
0.4930
0.4929
0.4930
0.4931
0.4933
0.4934
0.4933
0.4931
0.4933
0.4931
0.4933
0.4931
0.4930
0.4931
0.4933
0.4931
0.4930
0.4929
0.4930
0.4929
0.4928
0.4927
0.4925
0.4924
0.4923
0.4924
0.4925
0.4924
0.4925
0.4927
0.4928
0.4929
0.4931
0.4929
0.4928
0.4927
0.4926
0.4924
0.4923
0.4924
0.4923
0.4922
0.4921
0.4920
0.4921
0.4920
0.4918
0.4917
0.4916
0.4915
0.4914
0.4912
0.4914
0.4912
0.4911
0.4910
0.4911
0.4912
0.4911
0.4912
0.4911
0.4910
0.4911
0.4913
0.4914
0.4913
0.4914
0.4915
0.4914
0.4913
0.4912
0.4913
0.4914
0.4913
0.4912
0.4910
0.4909
0.4910
0.4912
0.4913
0.4912
0.4911
0.4909
0.4911
0.4909
0.4908
0.4909
0.4908
0.4907
0.4906
0.4905
0.4903
0.4902
0.4901
0.4900
0.4899
0.4897
0.4899
0.4900
0.4901
0.4902
0.4904
0.4905
0.4904
0.4905
0.4906
0.4907
0.4909
0.4907
0.4909
0.4910
0.4911
0.4912
0.4914
0.4912
0.4911
0.4910
0.4911
0.4913
0.4914
0.4915
0.4916
0.4917
0.4916
0.4918
0.4916
0.4915
0.4916
0.4918
0.4919
0.4920
0.4921
0.4920
0.4919
0.4918
0.4917
0.4915
0.4917
0.4918
0.4917
0.4915
0.4917
0.4918
0.4919
0.4920
0.4922
0.4923
0.4922
0.4923
0.4922
0.4923
0.4922
0.4923
0.4922
0.4921
0.4919
0.4921
0.4919
0.4921
0.4922
0.4923
0.4924
0.4923
0.4924
0.4923
0.4924
0.4926
0.4927
0.4928
0.4927
0.4926
0.4927
0.4926
0.4927
0.4926
0.4925
0.4926
0.4925
0.4923
0.4925
0.4923
0.4925
0.4923
0.4922
0.4921
0.4922
0.4921
0.4920
0.4921
0.4922
0.4921
0.4920
0.4921
0.4920
0.4919
0.4918
0.4919
0.4918
0.4919
0.4920
0.4919
0.4918
0.4919
0.4918
0.4917
0.4918
0.4917
0.4916
0.4914
0.4916
0.4914
0.4916
0.4914
0.4916
0.4915
0.4913
0.4912
0.4911
0.4910
0.4909
0.4908
0.4906
0.4905
0.4906
0.4905
0.4904
0.4905
0.4904
0.4903
0.4904
0.4905
0.4907
0.4908
0.4907
0.4908
0.4907
0.4908
0.4907
0.4908
0.4907
0.4906
0.4907
0.4908
0.4907
0.4908
0.4907
0.4906
0.4905
0.4903
0.4902
0.4903
0.4905
0.4906
0.4905
0.4904
0.4905
0.4906
0.4907
0.4908
0.4910
0.4911
0.4912
0.4913
0.4914
0.4916
0.4917
0.4918
0.4919
0.4920
0.4921
0.4920
0.4922
0.4923
0.4922
0.4923
0.4924
0.4925
0.4924
0.4925
0.4926
0.4928
0.4929
0.4930
0.4929
0.4930
0.4929
0.4930
0.4931
0.4932
0.4934
0.4935
0.4936
0.4937
0.4938
0.4939
0.4941
0.4942
0.4943
0.4944
0.4945
0.4946
0.4948
0.4947
0.4945
0.4944
0.4945
0.4944
0.4945
0.4947
0.4948
0.4949
0.4950
0.4949
0.4948
0.4949
0.4950
0.4949
0.4950
0.4949
0.4948
0.4949
0.4950
0.4949
0.4950
0.4949
0.4948
0.4949
0.4950
0.4951
0.4950
0.4949
0.4948
0.4947
0.4948
0.4947
0.4946
0.4945
0.4943
0.4945
0.4944
0.4945
0.4946
0.4945
0.4946
0.4947
0.4948
0.4949
0.4951
0.4952
0.4953
0.4954
0.4953
0.4952
0.4951
0.4952
0.4953
0.4952
0.4953
0.4954
0.4953
0.4954
0.4955
0.4954
0.4955
0.4956
0.4958
0.4956
0.4955
0.4956
0.4958
0.4957
0.4958
0.4957
0.4958
0.4957
0.4958
0.4959
0.4960
0.4961
0.4962
0.4963
0.4962
0.4963
0.4965
0.4966
0.4967
0.4966
0.4965
0.4964
0.4962
0.4961
0.4962
0.4961
0.4960
0.4961
0.4962
0.4961
0.4962
0.4964
0.4965
0.4966
0.4967
0.4966
0.4967
0.4966
0.4967
0.4966
0.4967
0.4966
0.4967
0.4966
0.4967
0.4968
0.4967
0.4968
0.4969
0.4971
0.4972
0.4973
0.4974
0.4973
0.4974
0.4975
0.4974
0.4975
0.4976
0.4975
0.4976
0.4977
0.4979
0.4980
0.4979
0.4980
0.4981
0.4982
0.4983
0.4982
0.4981
0.4980
0.4981
0.4980
0.4979
0.4977
0.4976
0.4975
0.4974
0.4973
0.4972
0.4973
0.4972
0.4971
0.4970
0.4969
0.4970
0.4969
0.4967
0.4966
0.4965
0.4964
0.4963
0.4962
0.4961
0.4960
0.4961
0.4960
0.4959
0.4957
0.4959
0.4960
0.4959
0.4957
0.4956
0.4955
0.4954
0.4953
0.4952
0.4953
0.4952
0.4953
0.4954
0.4955
0.4954
0.4953
0.4952
0.4953
0.4954
0.4955
0.4954
0.4953
0.4952
0.4953
0.4952
0.4951
0.4950
0.4949
0.4948
0.4949
0.4948
0.4947
0.4946
0.4944
0.4943
0.4944
0.4943
0.4944
0.4946
0.4944
0.4943
0.4945
0.4943
0.4942
0.4941
0.4940
0.4939
0.4940
0.4941
0.4940
0.4939
0.4938
0.4939
0.4938
0.4937
0.4936
0.4935
0.4934
0.4933
0.4931
0.4933
0.4934
0.4935
0.4936
0.4937
0.4938
0.4939
0.4940
0.4942
0.4943
0.4944
0.4945
0.4946
0.4947
0.4948
0.4949
0.4950
0.4952
0.4953
0.4954
0.4955
0.4956
0.4957
0.4958
0.4959
0.4960
0.4962
0.4963
0.4964
0.4965
0.4966
0.4967
0.4968
0.4969
0.4968
0.4969
0.4968
0.4967
0.4968
0.4969
0.4968
0.4967
0.4968
0.4969
0.4968
0.4967
0.4966
0.4965
0.4964
0.4963
0.4962
0.4961
0.4960
0.4961
0.4960
0.4959
0.4957
0.4956
0.4955
0.4954
0.4953
0.4952
0.4951
0.4950
0.4951
0.4952
0.4951
0.4952
0.4951
0.4950
0.4951
0.4950
0.4949
0.4948
0.4947
0.4948
0.4949
0.4950
0.4949
0.4948
0.4947
0.4946
0.4945
0.4944
0.4943
0.4941
0.4940
0.4939
0.4940
0.4939
0.4940
0.4942
0.4940
0.4939
0.4938
0.4939
0.4940
0.4942
0.4943
0.4942
0.4941
0.4942
0.4943
0.4944
0.4945
0.4946
0.4945
0.4946
0.4947
0.4946
0.4947
0.4946
0.4945
0.4946
0.4947
0.4948
0.4949
0.4950
0.4952
0.4953
0.4954
0.4953
0.4954
0.4955
0.4954
0.4955
0.4954
0.4955
0.4956
0.4955
0.4954
0.4955
0.4956
0.4955
0.4956
0.4955
0.4954
0.4953
0.4952
0.4951
0.4950
0.4949
0.4948
0.4946
0.4945
0.4946
0.4945
0.4946
0.4948
0.4947
0.4945
0.4944
0.4945
0.4944
0.4943
0.4944
0.4943
0.4942
0.4943
0.4942
0.4943
0.4945
0.4946
0.4947
0.4946
0.4945
0.4944
0.4942
0.4944
0.4945
0.4944
0.4943
0.4944
0.4945
0.4946
0.4945
0.4946
0.4945
0.4946
0.4947
0.4946
0.4947
0.4946
0.4947
0.4946
0.4945
0.4944
0.4943
0.4944
0.4945
0.4944
0.4943
0.4942
0.4941
0.4940
0.4939
0.4938
0.4939
0.4938
0.4939
0.4940
0.4941
0.4942
0.4943
0.4942
0.4941
0.4940
0.4939
0.4940
0.4939
0.4938
0.4937
0.4936
0.4935
0.4934
0.4935
0.4934
0.4933
0.4931
0.4930
0.4932
0.4933
0.4934
0.4933
0.4932
0.4933
0.4932
0.4931
0.4932
0.4931
0.4930
0.4929
0.4927
0.4926
0.4928
0.4926
0.4925
0.4924
0.4923
0.4922
0.4921
0.4920
0.4919
0.4918
0.4917
0.4916
0.4915
0.4914
0.4915
0.4916
0.4915
0.4914
0.4913
0.4914
0.4915
0.4914
0.4915
0.4916
0.4917
0.4916
0.4915
0.4914
0.4915
0.4916
0.4915
0.4916
0.4918
0.4919
0.4920
0.4919
0.4918
0.4917
0.4918
0.4919
0.4920
0.4921
0.4922
0.4923
0.4924
0.4925
0.4924
0.4923
0.4922
0.4921
0.4920
0.4919
0.4918
0.4917
0.4916
0.4917
0.4916
0.4915
0.4914
0.4915
0.4916
0.4915
0.4914
0.4913
0.4912
0.4911
0.4910
0.4909
0.4908
0.4907
0.4906
0.4907
0.4906
0.4905
0.4904
0.4903
0.4902
0.4901
0.4902
0.4901
0.4902
0.4903
0.4904
0.4905
0.4904
0.4905
0.4906
0.4907
0.4908
0.4909
0.4908
0.4907
0.4906
0.4907
0.4908
0.4909
0.4910
0.4909
0.4910
0.4911
0.4913
0.4912
0.4913
0.4914
0.4915
0.4916
0.4917
0.4918
0.4919
0.4918
0.4919
0.4918
0.4917
0.4918
0.4919
0.4918
0.4919
0.4920
0.4921
0.4922
0.4923
0.4924
0.4923
0.4924
0.4923
0.4922
0.4923
0.4924
0.4925
0.4926
0.4927
0.4928
0.4929
0.4930
0.4929
0.4931
0.4930
0.4931
0.4932
0.4933
0.4934
0.4933
0.4934
0.4935
0.4936
0.4937
0.4938
0.4939
0.4938
0.4939
0.4940
0.4941
0.4942
0.4943
0.4942
0.4943
0.4944
0.4945
0.4946
0.4947
0.4948
0.4947
0.4946
0.4945
0.4946
0.4947
0.4946
0.4945
0.4946
0.4947
0.4948
0.4947
0.4946
0.4945
0.4944
0.4945
0.4944
0.4943
0.4944
0.4943
0.4944
0.4945
0.4944
0.4943
0.4942
0.4941
0.4940
0.4939
0.4940
0.4939
0.4938
0.4937
0.4938
0.4937
0.4936
0.4935
0.4936
0.4935
0.4936
0.4935
0.4936
0.4935
0.4937
0.4936
0.4935
0.4934
0.4935
0.4934
0.4933
0.4934
0.4933
0.4934
0.4935
0.4936
0.4935
0.4936
0.4937
0.4938
0.4937
0.4936
0.4935
0.4936
0.4937
0.4936
0.4935
0.4936
0.4935
0.4936
0.4935
0.4936
0.4937
0.4938
0.4939
0.4940
0.4939
0.4938
0.4937
0.4936
0.4935
0.4936
0.4935
0.4934
0.4933
0.4932
0.4931
0.4930
0.4929
0.4928
0.4927
0.4926
0.4927
0.4926
0.4925
0.4926
0.4925
0.4924
0.4925
0.4924
0.4925
0.4926
0.4925
0.4924
0.4923
0.4922
0.4921
0.4922
0.4923
0.4924
0.4923
0.4922
0.4923
0.4924
0.4925
0.4926
0.4927
0.4928
0.4929
0.4931
0.4932
0.4933
0.4934
0.4935
0.4936
0.4937
0.4938
0.4937
0.4936
0.4937
0.4936
0.4935
0.4936
0.4937
0.4938
0.4939
0.4938
0.4939
0.4940
0.4941
0.4942
0.4943
0.4944
0.4943
0.4944
0.4945
0.4946
0.4947
0.4948
0.4949
0.4948
0.4949
0.4950
0.4951
0.4950
0.4951
0.4950
0.4951
0.4952
0.4951
0.4952
0.4951
0.4952
0.4953
0.4954
0.4955
0.4956
0.4955
0.4956
0.4957
0.4958
0.4957
0.4958
0.4959
0.4960
0.4959
0.4958
0.4957
0.4958
0.4957
0.4956
0.4957
0.4956
0.4957
0.4958
0.4959
0.4960
0.4961
0.4962
0.4963
0.4964
0.4965
0.4966
0.4967
0.4968
0.4969
0.4970
0.4971
0.4972
0.4973
0.4972
0.4971
0.4970
0.4969
0.4970
0.4971
0.4970
0.4969
0.4968
0.4967
0.4966
0.4965
0.4966
0.4967
0.4968
0.4967
0.4968
0.4967
0.4968
0.4967
0.4966
0.4965
0.4964
0.4963
0.4962
0.4961
0.4960
0.4961
0.4960
0.4959
0.4958
0.4957
0.4958
0.4959
0.4960
0.4961
0.4962
0.4963
0.4962
0.4963
0.4962
0.4961
0.4962
0.4961
0.4960
0.4961
0.4962
0.4963
0.4964
0.4965
0.4966
0.4967
0.4968
0.4967
0.4966
0.4967
0.4966
0.4965
0.4966
0.4967
0.4966
0.4967
0.4968
0.4969
0.4970
0.4971
0.4970
0.4969
0.4970
0.4971
0.4970
0.4971
0.4970
0.4969
0.4968
0.4967
0.4968
0.4969
0.4968
0.4969
0.4968
0.4969
0.4970
0.4971
0.4972
0.4973
0.4972
0.4973
0.4974
0.4975
0.4976
0.4977
0.4978
0.4977
0.4976
0.4975
0.4974
0.4973
0.4974
0.4975
0.4974
0.4973
0.4974
0.4975
0.4974
0.4975
0.4976
0.4975
0.4974
0.4973
0.4972
0.4973
0.4972
0.4973
0.4972
0.4973
0.4972
0.4971
0.4970
0.4969
0.4968
0.4969
0.4970
0.4971
0.4972
0.4973
0.4974
0.4975
0.4976
0.4977
0.4976
0.4977
0.4978
0.4979
0.4980
0.4981
0.4980
0.4979
0.4980
0.4981
0.4982
0.4981
0.4982
0.4983
0.4982
0.4981
0.4980
0.4981
0.4980
0.4981
0.4980
0.4981
0.4982
0.4983
0.4984
0.4985
0.4986
0.4987
0.4988
0.4989
0.4990
0.4991
0.4991
0.4992
0.4991
0.4992
0.4991
0.4991
0.4991
0.4991
0.4991
0.4992
0.4993
0.4994
0.4995
0.4996
0.4997
0.4996
0.4995
0.4996
0.4997
0.4998
0.4997
0.4998
0.4997
0.4996
0.4995
0.4996
0.4997
0.4996
0.4995
0.4994
0.4993
0.4994
0.4995
0.4994
0.4995
0.4996
0.4997
0.4998
0.4997
0.4996
0.4997
0.4998
0.4997
0.4996
0.4997
0.4996
0.4997
0.4996
0.4995
0.4994
0.4993
0.4992
0.4992
0.4991
0.4992
0.4993
0.4993
0.4994
0.4993
0.4993
0.4993
0.4994
0.4995
0.4996
0.4997
0.4996
0.4997
0.4996
0.4997
0.4996
0.4997
0.4998
0.4999
0.5000
0.4999
0.4998
0.4999
0.5000
0.5001
0.5002
0.5003
0.5004
0.5005
0.5006
0.5005
0.5004
0.5005
0.5004
0.5005
0.5004
0.5005
0.5006
0.5005
0.5006
0.5005
0.5004
0.5003
0.5002
0.5001
0.5002
0.5001
0.5000
0.4999
0.5000
0.4999
0.4998
0.4997
0.4996
0.4997
0.4998
0.4999
0.5000
0.4999
0.5000
0.5001
0.5002
0.5001
0.5000
0.5001
0.5000
0.4999
0.4998
0.4999
0.4998
0.4997
0.4998
0.4999
0.4998
0.4997
0.4996
0.4995
0.4996
0.4995
0.4996
0.4995
0.4994
0.4994
0.4993
0.4992
0.4991
0.4992
0.4991
0.4990
0.4989
0.4988
0.4987
0.4986
0.4985
0.4986
0.4987
0.4988
0.4989
0.4988
0.4987
0.4986
0.4987
0.4986
0.4987
0.4988
0.4987
0.4988
0.4989
0.4988
0.4989
0.4990
0.4991
0.4992
0.4991
0.4992
0.4993
0.4992
0.4993
0.4994
0.4994
0.4994
0.4994
0.4995
0.4996
0.4995
0.4996
0.4995
0.4995
0.4995
0.4996
0.4997
0.4998
0.4997
0.4996
0.4997
0.4998
0.4997
0.4996
0.4995
0.4995
0.4994
0.4993
0.4994
0.4995
0.4995
0.4996
0.4995
0.4996
0.4995
0.4995
0.4994
0.4995
0.4994
0.4993
0.4992
0.4993
0.4992
0.4993
0.4992
0.4993
0.4994
0.4993
0.4994
0.4995
0.4995
0.4996
0.4997
0.4996
0.4997
0.4998
0.4997
0.4998
0.4997
0.4996
0.4997
0.4998
0.4997
0.4996
0.4997
0.4998
0.4997
0.4998
0.4997
0.4996
0.4997
0.4998
0.4997
0.4998
0.4997
0.4996
0.4997
0.4998
0.4997
0.4998
0.4999
0.4998
0.4999
0.5000
0.5001
0.5002
0.5003
0.5002
0.5001
0.5002
0.5003
0.5002
0.5001
0.5002
0.5001
0.5000
0.4999
0.5000
0.4999
0.5000
0.5001
0.5000
0.4999
0.5000
0.5001
0.5000
0.5001
0.5000
0.5001
0.5002
0.5003
0.5002
0.5001
0.5002
0.5001
0.5002
0.5001
0.5002
0.5001
0.5002
0.5001
0.5000
0.4999
0.4998
0.4997
0.4998
0.4997
0.4996
0.4997
0.4998
0.4997
0.4996
0.4996
0.4995
0.4996
0.4996
0.4997
0.4996
0.4997
0.4998
0.4999
0.5000
0.4999
0.5000
0.5001
0.5002
0.5003
0.5004
0.5004
0.5005
0.5006
0.5007
0.5006
0.5007
0.5006
0.5007
0.5006
0.5007
0.5008
0.5007
0.5008
0.5009
0.5010
0.5009
0.5008
0.5009
0.5008
0.5007
0.5006
0.5007
0.5006
0.5007
0.5006
0.5005
0.5004
0.5005
0.5006
0.5005
0.5004
0.5004
0.5003
0.5002
0.5001
0.5002
0.5003
0.5004
0.5004
0.5004
0.5003
0.5002
0.5001
0.5000
0.4999
0.5000
0.4999
0.5000
0.4999
0.5000
0.4999
0.5000
0.5001
0.5002
0.5003
0.5004
0.5004
0.5005
0.5006
0.5005
0.5004
0.5005
0.5006
0.5007
0.5008
0.5009
0.5010
0.5011
0.5011
0.5012
0.5013
0.5014
0.5015
0.5014
0.5015
0.5016
0.5017
0.5016
0.5017
0.5018
0.5017
0.5016
0.5015
0.5014
0.5013
0.5012
0.5011
0.5011
0.5011
0.5011
0.5010
0.5011
0.5010
0.5011
0.5010
0.5009
0.5008
0.5007
0.5006
0.5005
0.5004
0.5004
0.5003
0.5002
0.5001
0.5000
0.4999
0.4998
0.4997
0.4996
0.4996
0.4996
0.4996
0.4995
0.4994
0.4993
0.4994
0.4993
0.4992
0.4991
0.4990
0.4991
0.4990
0.4990
0.4990
0.4991
0.4990
0.4991
0.4990
0.4990
0.4989
0.4990
0.4990
0.4991
0.4990
0.4990
0.4989
0.4990
0.4990
0.4991
0.4990
0.4991
0.4992
0.4993
0.4994
0.4995
0.4996
0.4997
0.4997
0.4997
0.4997
0.4997
0.4997
0.4998
0.4997
0.4998
0.4999
0.5000
0.5001
0.5002
0.5003
0.5003
0.5004
0.5003
0.5004
0.5005
0.5006
0.5007
0.5008
0.5007
0.5006
0.5007
0.5006
0.5007
0.5006
0.5005
0.5004
0.5005
0.5004
0.5005
0.5004
0.5005
0.5004
0.5005
0.5006
0.5005
0.5004
0.5005
0.5004
0.5003
0.5004
0.5003
0.5003
0.5002
0.5003
0.5002
0.5001
0.5002
0.5003
0.5002
0.5001
0.5002
0.5003
0.5002
0.5003
0.5002
0.5003
0.5002
0.5001
0.5000
0.5001
0.5002
0.5001
0.5000
0.4999
0.4998
0.4999
0.4998
0.4999
0.5000
0.5001
0.5000
0.4999
0.4998
0.4999
0.5000
0.5001
0.5000
0.5001
0.5002
0.5001
0.5000
0.5001
0.5002
0.5001
0.5000
0.5001
0.5002
0.5003
0.5003
0.5004
0.5005
0.5006
0.5007
0.5008
0.5009
0.5009
0.5010
0.5011
0.5012
0.5013
0.5012
0.5011
0.5012
0.5011
0.5012
0.5011
0.5010
0.5009
0.5010
0.5011
0.5010
0.5011
0.5010
0.5011
0.5012
0.5013
0.5014
0.5014
0.5015
0.5016
0.5017
0.5018
0.5019
0.5020
0.5019
0.5020
0.5020
0.5021
0.5022
0.5023
0.5024
0.5025
0.5026
0.5026
0.5026
0.5026
0.5027
0.5026
0.5027
0.5028
0.5027
0.5028
0.5027
0.5028
0.5029
0.5030
0.5029
0.5030
0.5031
0.5030
0.5031
0.5031
0.5032
0.5033
0.5034
0.5035
0.5034
0.5033
0.5032
0.5033
0.5034
0.5035
0.5036
0.5036
0.5036
0.5036
0.5037
0.5038
0.5039
0.5040
0.5041
0.5041
0.5042
0.5043
0.5044
0.5045
0.5046
0.5045
0.5044
0.5043
0.5042
0.5041
0.5040
0.5040
0.5039
0.5040
0.5039
0.5040
0.5040
0.5041
0.5042
0.5043
0.5042
0.5041
0.5040
0.5041
0.5042
0.5041
0.5042
0.5041
0.5042
0.5041
0.5040
0.5041
0.5042
0.5041
0.5040
0.5041
0.5042
0.5041
0.5040
0.5039
0.5039
0.5039
0.5039
0.5039
0.5039
0.5039
0.5040
0.5039
0.5039
0.5038
0.5039
0.5039
0.5039
0.5039
0.5039
0.5038
0.5039
0.5039
0.5038
0.5038
0.5038
0.5039
0.5040
0.5041
0.5042
0.5043
0.5042
0.5041
0.5040
0.5041
0.5040
0.5039
0.5038
0.5039
0.5038
0.5039
0.5040
0.5039
0.5038
0.5039
0.5040
0.5039
0.5040
0.5039
0.5038
0.5037
