1.0000
1.0000
0.6667
0.7500
0.6000
0.5000
0.5714
0.5000
0.4444
0.5000
0.5455
0.5833
0.5385
0.5714
0.5333
0.5625
0.5294
0.5000
0.5263
0.5500
0.5714
0.5455
0.5652
0.5417
0.5600
0.5769
0.5926
0.6071
0.6207
0.6333
0.6129
0.5938
0.5758
0.5882
0.5714
0.5833
0.5676
0.5526
0.5641
0.5500
0.5610
0.5476
0.5349
0.5227
0.5333
0.5217
0.5319
0.5208
0.5102
0.5200
0.5294
0.5192
0.5094
0.5000
0.5091
0.5179
0.5088
0.5172
0.5085
0.5000
0.4918
0.4839
0.4921
0.4844
0.4769
0.4848
0.4925
0.4853
0.4928
0.4857
0.4930
0.4861
0.4932
0.4865
0.4933
0.4868
0.4935
0.5000
0.4937
0.5000
0.4938
0.4878
0.4819
0.4881
0.4824
0.4884
0.4828
0.4886
0.4944
0.5000
0.4945
0.5000
0.4946
0.5000
0.5053
0.5000
0.5052
0.5000
0.5051
0.5000
0.4950
0.4902
0.4854
0.4808
0.4857
0.4906
0.4860
0.4815
0.4862
0.4909
0.4955
0.5000
0.5044
0.5000
0.5043
0.5000
0.4957
0.5000
0.4958
0.4917
0.4959
0.4918
0.4878
0.4839
0.4800
0.4762
0.4803
0.4844
0.4884
0.4846
0.4885
0.4848
0.4812
0.4776
0.4815
0.4853
0.4818
0.4855
0.4892
0.4857
0.4894
0.4859
0.4895
0.4861
0.4828
0.4795
0.4830
0.4865
0.4832
0.4800
0.4834
0.4803
0.4837
0.4805
0.4774
0.4808
0.4841
0.4873
0.4843
0.4875
0.4845
0.4877
0.4908
0.4939
0.4970
0.5000
0.4970
0.4940
0.4970
0.4941
0.4971
0.4942
0.4913
0.4885
0.4857
0.4830
0.4802
0.4775
0.4804
0.4833
0.4807
0.4835
0.4863
0.4837
0.4811
0.4839
0.4866
0.4840
0.4868
0.4895
0.4869
0.4844
0.4870
0.4845
0.4872
0.4847
0.4822
0.4798
0.4774
0.4750
0.4776
0.4752
0.4729
0.4706
0.4732
0.4709
0.4686
0.4712
0.4689
0.4667
0.4645
0.4623
0.4601
0.4626
0.4605
0.4583
0.4562
0.4587
0.4566
0.4591
0.4615
0.4595
0.4619
0.4598
0.4578
0.4602
0.4626
0.4605
0.4585
0.4609
0.4589
0.4569
0.4549
0.4573
0.4553
0.4576
0.4557
0.4538
0.4561
0.4542
0.4523
0.4545
0.4568
0.4549
0.4571
0.4553
0.4534
0.4556
0.4538
0.4520
0.4542
0.4524
0.4506
0.4528
0.4549
0.4570
0.4553
0.4535
0.4556
0.4577
0.4598
0.4580
0.4601
0.4621
0.4604
0.4586
0.4607
0.4627
0.4610
0.4630
0.4613
0.4632
0.4652
0.4635
0.4618
0.4638
0.4657
0.4676
0.4695
0.4714
0.4698
0.4716
0.4700
0.4718
0.4702
0.4720
0.4704
0.4688
0.4671
0.4655
0.4639
0.4623
0.4608
0.4626
0.4610
0.4595
0.4613
0.4597
0.4582
0.4567
0.4551
0.4536
0.4554
0.4539
0.4525
0.4542
0.4560
0.4578
0.4563
0.4548
0.4566
0.4583
0.4601
0.4618
0.4603
0.4589
0.4574
0.4591
0.4608
0.4594
0.4579
0.4596
0.4582
0.4568
0.4554
0.4571
0.4587
0.4604
0.4590
0.4576
0.4592
0.4578
0.4565
0.4551
0.4567
0.4583
0.4599
0.4615
0.4602
0.4618
0.4604
0.4591
0.4577
0.4593
0.4580
0.4566
0.4582
0.4598
0.4613
0.4600
0.4587
0.4602
0.4589
0.4576
0.4592
0.4579
0.4566
0.4553
0.4540
0.4528
0.4543
0.4530
0.4518
0.4505
0.4493
0.4508
0.4523
0.4538
0.4526
0.4514
0.4528
0.4543
0.4531
0.4545
0.4560
0.4574
0.4562
0.4577
0.4565
0.4553
0.4541
0.4529
0.4517
0.4505
0.4519
0.4508
0.4496
0.4485
0.4499
0.4513
0.4527
0.4541
0.4529
0.4543
0.4557
0.4545
0.4534
0.4548
0.4561
0.4550
0.4539
0.4552
0.4541
0.4554
0.4568
0.4581
0.4595
0.4583
0.4572
0.4585
0.4599
0.4612
0.4600
0.4614
0.4627
0.4639
0.4628
0.4617
0.4630
0.4643
0.4656
0.4668
0.4681
0.4670
0.4659
0.4671
0.4684
0.4673
0.4662
0.4674
0.4664
0.4676
0.4665
0.4677
0.4667
0.4656
0.4645
0.4635
0.4624
0.4614
0.4626
0.4638
0.4628
0.4617
0.4629
0.4619
0.4609
0.4621
0.4610
0.4600
0.4612
0.4602
0.4614
0.4626
0.4615
0.4605
0.4617
0.4629
0.4619
0.4609
0.4620
0.4610
0.4622
0.4612
0.4602
0.4614
0.4625
0.4615
0.4606
0.4617
0.4607
0.4619
0.4609
0.4620
0.4632
0.4622
0.4612
0.4623
0.4614
0.4625
0.4636
0.4627
0.4638
0.4649
0.4660
0.4650
0.4661
0.4652
0.4642
0.4633
0.4623
0.4634
0.4625
0.4636
0.4646
0.4637
0.4628
0.4618
0.4609
0.4600
0.4591
0.4602
0.4592
0.4583
0.4574
0.4565
0.4556
0.4547
0.4538
0.4549
0.4560
0.4570
0.4561
0.4553
0.4544
0.4535
0.4526
0.4517
0.4528
0.4519
0.4511
0.4502
0.4512
0.4504
0.4495
0.4487
0.4497
0.4489
0.4499
0.4509
0.4501
0.4511
0.4503
0.4494
0.4505
0.4496
0.4507
0.4498
0.4490
0.4500
0.4510
0.4502
0.4512
0.4522
0.4532
0.4542
0.4534
0.4544
0.4554
0.4545
0.4537
0.4547
0.4539
0.4549
0.4559
0.4568
0.4560
0.4570
0.4580
0.4571
0.4581
0.4573
0.4565
0.4574
0.4584
0.4576
0.4568
0.4560
0.4569
0.4561
0.4553
0.4563
0.4555
0.4564
0.4574
0.4583
0.4575
0.4585
0.4594
0.4603
0.4613
0.4622
0.4631
0.4640
0.4650
0.4659
0.4668
0.4660
0.4652
0.4661
0.4670
0.4662
0.4671
0.4663
0.4655
0.4648
0.4657
0.4666
0.4658
0.4667
0.4659
0.4668
0.4660
0.4652
0.4661
0.4653
0.4662
0.4655
0.4647
0.4639
0.4632
0.4624
0.4617
0.4609
0.4618
0.4610
0.4619
0.4612
0.4604
0.4613
0.4605
0.4614
0.4623
0.4631
0.4640
0.4633
0.4641
0.4634
0.4642
0.4635
0.4628
0.4636
0.4645
0.4653
0.4646
0.4638
0.4631
0.4624
0.4632
0.4641
0.4633
0.4626
0.4619
0.4612
0.4605
0.4598
0.4606
0.4614
0.4622
0.4631
0.4639
0.4632
0.4625
0.4633
0.4626
0.4634
0.4642
0.4650
0.4659
0.4652
0.4644
0.4637
0.4630
0.4639
0.4632
0.4640
0.4648
0.4656
0.4649
0.4642
0.4650
0.4643
0.4651
0.4659
0.4652
0.4645
0.4653
0.4646
0.4654
0.4647
0.4640
0.4633
0.4641
0.4635
0.4642
0.4636
0.4643
0.4637
0.4644
0.4638
0.4631
0.4624
0.4618
0.4611
0.4619
0.4626
0.4634
0.4628
0.4635
0.4629
0.4636
0.4644
0.4637
0.4631
0.4624
0.4632
0.4625
0.4619
0.4612
0.4606
0.4599
0.4593
0.4600
0.4594
0.4601
0.4595
0.4589
0.4582
0.4590
0.4597
0.4605
0.4598
0.4606
0.4599
0.4593
0.4587
0.4580
0.4574
0.4568
0.4562
0.4569
0.4577
0.4570
0.4564
0.4558
0.4565
0.4559
0.4553
0.4560
0.4568
0.4575
0.4569
0.4576
0.4583
0.4577
0.4571
0.4565
0.4559
0.4553
0.4560
0.4554
0.4548
0.4542
0.4549
0.4556
0.4563
0.4557
0.4551
0.4545
0.4553
0.4560
0.4554
0.4561
0.4568
0.4575
0.4582
0.4576
0.4583
0.4590
0.4584
0.4591
0.4585
0.4580
0.4574
0.4568
0.4575
0.4569
0.4576
0.4570
0.4564
0.4558
0.4565
0.4559
0.4554
0.4548
0.4542
0.4549
0.4543
0.4550
0.4544
0.4551
0.4558
0.4552
0.4547
0.4553
0.4560
0.4555
0.4549
0.4556
0.4562
0.4557
0.4564
0.4558
0.4565
0.4571
0.4566
0.4572
0.4579
0.4586
0.4593
0.4587
0.4581
0.4576
0.4582
0.4577
0.4583
0.4590
0.4597
0.4603
0.4598
0.4592
0.4586
0.4581
0.4587
0.4582
0.4588
0.4595
0.4589
0.4596
0.4590
0.4585
0.4579
0.4574
0.4580
0.4587
0.4593
0.4600
0.4594
0.4601
0.4595
0.4602
0.4596
0.4591
0.4585
0.4580
0.4574
0.4569
0.4564
0.4570
0.4576
0.4571
0.4577
0.4572
0.4567
0.4573
0.4579
0.4574
0.4580
0.4587
0.4581
0.4576
0.4582
0.4589
0.4583
0.4578
0.4584
0.4591
0.4585
0.4580
0.4586
0.4581
0.4576
0.4570
0.4577
0.4583
0.4578
0.4572
0.4567
0.4573
0.4568
0.4574
0.4569
0.4575
0.4570
0.4576
0.4582
0.4577
0.4572
0.4567
0.4562
0.4568
0.4574
0.4580
0.4586
0.4581
0.4587
0.4582
0.4577
0.4583
0.4578
0.4573
0.4568
0.4563
0.4569
0.4575
0.4581
0.4576
0.4581
0.4587
0.4593
0.4588
0.4583
0.4578
0.4584
0.4579
0.4574
0.4569
0.4564
0.4570
0.4565
0.4560
0.4566
0.4561
0.4567
0.4562
0.4557
0.4552
0.4547
0.4553
0.4559
0.4565
0.4560
0.4555
0.4550
0.4556
0.4562
0.4557
0.4552
0.4547
0.4553
0.4548
0.4554
0.4549
0.4555
0.4550
0.4545
0.4551
0.4557
0.4552
0.4558
0.4564
0.4559
0.4554
0.4560
0.4565
0.4571
0.4566
0.4562
0.4567
0.4562
0.4558
0.4553
0.4559
0.4564
0.4560
0.4555
0.4550
0.4556
0.4551
0.4546
0.4552
0.4558
0.4563
0.4569
0.4574
0.4580
0.4585
0.4581
0.4586
0.4582
0.4577
0.4582
0.4578
0.4583
0.4579
0.4584
0.4590
0.4585
0.4590
0.4596
0.4601
0.4607
0.4612
0.4608
0.4603
0.4608
0.4604
0.4609
0.4615
0.4610
0.4615
0.4621
0.4616
0.4612
0.4607
0.4602
0.4608
0.4613
0.4618
0.4624
0.4629
0.4634
0.4640
0.4635
0.4631
0.4636
0.4641
0.4637
0.4642
0.4637
0.4633
0.4628
0.4624
0.4629
0.4624
0.4630
0.4625
0.4621
0.4616
0.4621
0.4627
0.4622
0.4618
0.4623
0.4618
0.4624
0.4619
0.4624
0.4629
0.4625
0.4630
0.4635
0.4631
0.4626
0.4622
0.4618
0.4623
0.4618
0.4614
0.4619
0.4615
0.4620
0.4615
0.4611
0.4616
0.4621
0.4617
0.4612
0.4618
0.4613
0.4618
0.4623
0.4619
0.4615
0.4610
0.4606
0.4602
0.4597
0.4602
0.4607
0.4613
0.4618
0.4623
0.4628
0.4623
0.4619
0.4624
0.4629
0.4634
0.4639
0.4644
0.4640
0.4635
0.4631
0.4636
0.4632
0.4627
0.4623
0.4628
0.4633
0.4629
0.4625
0.4629
0.4634
0.4639
0.4635
0.4631
0.4636
0.4641
0.4645
0.4641
0.4646
0.4642
0.4638
0.4633
0.4629
0.4634
0.4639
0.4635
0.4631
0.4626
0.4631
0.4636
0.4632
0.4637
0.4642
0.4646
0.4651
0.4647
0.4643
0.4648
0.4652
0.4648
0.4653
0.4649
0.4654
0.4650
0.4645
0.4650
0.4646
0.4651
0.4655
0.4651
0.4647
0.4652
0.4648
0.4644
0.4640
0.4644
0.4640
0.4645
0.4650
0.4654
0.4650
0.4646
0.4642
0.4638
0.4634
0.4630
0.4635
0.4639
0.4644
0.4649
0.4653
0.4649
0.4645
0.4641
0.4637
0.4633
0.4638
0.4634
0.4630
0.4635
0.4631
0.4627
0.4631
0.4636
0.4640
0.4645
0.4650
0.4654
0.4650
0.4655
0.4659
0.4655
0.4660
0.4664
0.4660
0.4665
0.4661
0.4657
0.4653
0.4658
0.4654
0.4658
0.4663
0.4667
0.4663
0.4659
0.4664
0.4660
0.4656
0.4661
0.4657
0.4661
0.4666
0.4662
0.4658
0.4654
0.4658
0.4654
0.4651
0.4655
0.4651
0.4656
0.4660
0.4656
0.4661
0.4657
0.4653
0.4657
0.4653
0.4658
0.4654
0.4650
0.4646
0.4643
0.4647
0.4643
0.4648
0.4644
0.4640
0.4644
0.4641
0.4645
0.4649
0.4645
0.4642
0.4638
0.4642
0.4639
0.4635
0.4639
0.4643
0.4640
0.4644
0.4648
0.4653
0.4657
0.4653
0.4649
0.4654
0.4650
0.4654
0.4659
0.4663
0.4667
0.4663
0.4668
0.4672
0.4668
0.4665
0.4669
0.4673
0.4677
0.4674
0.4670
0.4666
0.4670
0.4675
0.4671
0.4667
0.4663
0.4660
0.4664
0.4660
0.4657
0.4661
0.4665
0.4669
0.4666
0.4670
0.4666
0.4670
0.4667
0.4671
0.4675
0.4679
0.4676
0.4680
0.4676
0.4680
0.4677
0.4673
