0.0000
0.0000
0.3333
0.5000
0.4000
0.3333
0.4286
0.3750
0.3333
0.3000
0.2727
0.2500
0.3077
0.3571
0.4000
0.3750
0.3529
0.3889
0.3684
0.4000
0.4286
0.4545
0.4348
0.4167
0.4400
0.4615
0.4444
0.4643
0.4828
0.5000
0.5161
0.5000
0.4848
0.5000
0.5143
0.5278
0.5405
0.5526
0.5641
0.5750
0.5610
0.5476
0.5581
0.5682
0.5556
0.5435
0.5532
0.5417
0.5510
0.5400
0.5294
0.5385
0.5283
0.5370
0.5273
0.5357
0.5439
0.5517
0.5424
0.5333
0.5246
0.5323
0.5238
0.5312
0.5385
0.5303
0.5373
0.5441
0.5362
0.5429
0.5352
0.5417
0.5479
0.5405
0.5467
0.5526
0.5455
0.5513
0.5570
0.5625
0.5679
0.5610
0.5542
0.5595
0.5647
0.5581
0.5517
0.5455
0.5506
0.5556
0.5495
0.5543
0.5484
0.5426
0.5474
0.5521
0.5464
0.5408
0.5354
0.5300
0.5347
0.5392
0.5340
0.5288
0.5238
0.5283
0.5327
0.5278
0.5229
0.5273
0.5315
0.5268
0.5310
0.5351
0.5391
0.5431
0.5385
0.5424
0.5462
0.5500
0.5537
0.5574
0.5610
0.5565
0.5600
0.5556
0.5591
0.5625
0.5581
0.5615
0.5649
0.5606
0.5639
0.5597
0.5630
0.5588
0.5547
0.5580
0.5612
0.5571
0.5532
0.5493
0.5524
0.5486
0.5448
0.5411
0.5442
0.5473
0.5436
0.5467
0.5497
0.5461
0.5425
0.5455
0.5484
0.5449
0.5414
0.5380
0.5409
0.5375
0.5342
0.5370
0.5399
0.5366
0.5394
0.5361
0.5329
0.5298
0.5325
0.5353
0.5322
0.5291
0.5260
0.5230
0.5200
0.5170
0.5198
0.5225
0.5251
0.5222
0.5193
0.5220
0.5191
0.5217
0.5189
0.5215
0.5187
0.5213
0.5238
0.5263
0.5236
0.5208
0.5181
0.5206
0.5179
0.5153
0.5178
0.5152
0.5126
0.5100
0.5124
0.5099
0.5074
0.5098
0.5122
0.5097
0.5121
0.5144
0.5120
0.5095
0.5071
0.5094
0.5070
0.5093
0.5116
0.5093
0.5115
0.5138
0.5114
0.5136
0.5113
0.5135
0.5112
0.5089
0.5111
0.5088
0.5110
0.5132
0.5109
0.5087
0.5065
0.5086
0.5107
0.5085
0.5106
0.5127
0.5148
0.5126
0.5146
0.5167
0.5145
0.5165
0.5144
0.5164
0.5143
0.5122
0.5101
0.5121
0.5141
0.5120
0.5139
0.5159
0.5178
0.5157
0.5137
0.5156
0.5136
0.5116
0.5135
0.5115
0.5096
0.5115
0.5095
0.5076
0.5057
0.5038
0.5056
0.5037
0.5019
0.5000
0.4982
0.5000
0.5018
0.5000
0.5018
0.5000
0.4982
0.4964
0.4982
0.5000
0.4982
0.4965
0.4947
0.4965
0.4947
0.4930
0.4913
0.4896
0.4879
0.4862
0.4880
0.4863
0.4881
0.4898
0.4881
0.4899
0.4882
0.4899
0.4883
0.4900
0.4884
0.4901
0.4884
0.4868
0.4885
0.4869
0.4853
0.4870
0.4854
0.4871
0.4855
0.4872
0.4888
0.4873
0.4889
0.4905
0.4890
0.4874
0.4890
0.4875
0.4860
0.4845
0.4830
0.4815
0.4831
0.4816
0.4832
0.4848
0.4863
0.4848
0.4864
0.4880
0.4895
0.4880
0.4896
0.4911
0.4926
0.4941
0.4926
0.4941
0.4956
0.4942
0.4956
0.4942
0.4928
0.4913
0.4899
0.4885
0.4900
0.4914
0.4900
0.4915
0.4901
0.4887
0.4901
0.4888
0.4874
0.4860
0.4847
0.4861
0.4848
0.4834
0.4848
0.4835
0.4822
0.4836
0.4823
0.4837
0.4824
0.4838
0.4852
0.4866
0.4853
0.4866
0.4853
0.4840
0.4828
0.4815
0.4828
0.4816
0.4803
0.4791
0.4804
0.4818
0.4831
0.4845
0.4832
0.4820
0.4833
0.4821
0.4834
0.4821
0.4835
0.4822
0.4810
0.4798
0.4811
0.4799
0.4787
0.4775
0.4763
0.4776
0.4764
0.4752
0.4741
0.4754
0.4767
0.4779
0.4792
0.4780
0.4793
0.4806
0.4794
0.4783
0.4771
0.4760
0.4748
0.4761
0.4749
0.4738
0.4751
0.4763
0.4752
0.4741
0.4729
0.4718
0.4731
0.4720
0.4709
0.4698
0.4687
0.4699
0.4711
0.4724
0.4713
0.4702
0.4691
0.4703
0.4692
0.4682
0.4694
0.4706
0.4695
0.4685
0.4697
0.4686
0.4698
0.4688
0.4699
0.4689
0.4701
0.4712
0.4724
0.4714
0.4703
0.4715
0.4705
0.4694
0.4706
0.4696
0.4685
0.4697
0.4708
0.4720
0.4710
0.4721
0.4732
0.4744
0.4733
0.4745
0.4756
0.4746
0.4736
0.4747
0.4737
0.4748
0.4759
0.4749
0.4760
0.4771
0.4761
0.4751
0.4762
0.4773
0.4784
0.4774
0.4784
0.4795
0.4785
0.4776
0.4766
0.4776
0.4787
0.4798
0.4808
0.4798
0.4789
0.4799
0.4790
0.4780
0.4790
0.4801
0.4791
0.4782
0.4772
0.4783
0.4773
0.4764
0.4774
0.4765
0.4775
0.4766
0.4776
0.4767
0.4777
0.4767
0.4778
0.4768
0.4778
0.4788
0.4779
0.4770
0.4780
0.4771
0.4781
0.4772
0.4782
0.4773
0.4764
0.4774
0.4765
0.4774
0.4784
0.4794
0.4785
0.4795
0.4804
0.4796
0.4787
0.4778
0.4787
0.4797
0.4788
0.4798
0.4807
0.4799
0.4790
0.4799
0.4791
0.4800
0.4809
0.4801
0.4792
0.4783
0.4775
0.4766
0.4776
0.4785
0.4794
0.4786
0.4777
0.4769
0.4778
0.4770
0.4761
0.4770
0.4762
0.4754
0.4745
0.4754
0.4764
0.4755
0.4764
0.4774
0.4783
0.4774
0.4783
0.4775
0.4767
0.4776
0.4768
0.4759
0.4768
0.4777
0.4786
0.4795
0.4787
0.4779
0.4771
0.4763
0.4755
0.4747
0.4739
0.4731
0.4723
0.4715
0.4707
0.4716
0.4725
0.4733
0.4742
0.4734
0.4743
0.4735
0.4744
0.4736
0.4728
0.4720
0.4729
0.4721
0.4730
0.4739
0.4731
0.4723
0.4715
0.4724
0.4733
0.4725
0.4733
0.4742
0.4734
0.4743
0.4735
0.4744
0.4752
0.4744
0.4737
0.4745
0.4738
0.4730
0.4723
0.4715
0.4708
0.4700
0.4693
0.4701
0.4710
0.4702
0.4695
0.4703
0.4711
0.4720
0.4712
0.4705
0.4713
0.4721
0.4714
0.4722
0.4730
0.4738
0.4731
0.4739
0.4732
0.4725
0.4733
0.4726
0.4718
0.4711
0.4704
0.4697
0.4690
0.4698
0.4691
0.4684
0.4692
0.4685
0.4678
0.4671
0.4664
0.4672
0.4665
0.4673
0.4666
0.4659
0.4667
0.4675
0.4682
0.4690
0.4683
0.4691
0.4699
0.4692
0.4685
0.4678
0.4686
0.4679
0.4672
0.4680
0.4688
0.4681
0.4689
0.4697
0.4704
0.4697
0.4691
0.4698
0.4706
0.4699
0.4692
0.4700
0.4693
0.4687
0.4694
0.4688
0.4681
0.4674
0.4668
0.4675
0.4683
0.4676
0.4669
0.4663
0.4656
0.4664
0.4657
0.4651
0.4658
0.4652
0.4659
0.4653
0.4660
0.4654
0.4647
0.4641
0.4634
0.4642
0.4649
0.4643
0.4636
0.4630
0.4624
0.4631
0.4638
0.4632
0.4639
0.4633
0.4640
0.4634
0.4641
0.4635
0.4629
0.4636
0.4630
0.4637
0.4631
0.4625
0.4632
0.4626
0.4619
0.4613
0.4607
0.4614
0.4622
0.4629
0.4623
0.4630
0.4624
0.4631
0.4625
0.4632
0.4625
0.4633
0.4626
0.4620
0.4614
0.4608
0.4615
0.4622
0.4616
0.4610
0.4604
0.4611
0.4618
0.4625
0.4632
0.4639
0.4633
0.4627
0.4621
0.4628
0.4635
0.4629
0.4636
0.4630
0.4637
0.4644
0.4651
0.4657
0.4651
0.4646
0.4652
0.4659
0.4653
0.4647
0.4654
0.4648
0.4642
0.4649
0.4656
0.4650
0.4644
0.4638
0.4645
0.4639
0.4634
0.4628
0.4622
0.4629
0.4635
0.4642
0.4636
0.4631
0.4637
0.4644
0.4650
0.4645
0.4639
0.4633
0.4628
0.4622
0.4629
0.4623
0.4629
0.4636
0.4630
0.4625
0.4619
0.4614
0.4608
0.4614
0.4609
0.4615
0.4610
0.4604
0.4611
0.4617
0.4612
0.4618
0.4613
0.4619
0.4614
0.4620
0.4614
0.4609
0.4615
0.4622
0.4628
0.4623
0.4617
0.4624
0.4630
0.4624
0.4619
0.4625
0.4620
0.4626
0.4621
0.4627
0.4633
0.4640
0.4634
0.4629
0.4635
0.4630
0.4624
0.4619
0.4625
0.4631
0.4638
0.4632
0.4638
0.4644
0.4651
0.4645
0.4651
0.4658
0.4664
0.4658
0.4664
0.4670
0.4665
0.4671
0.4666
0.4661
0.4667
0.4661
0.4667
0.4662
0.4657
0.4663
0.4658
0.4664
0.4670
0.4664
0.4659
0.4665
0.4660
0.4666
0.4661
0.4667
0.4673
0.4667
0.4662
0.4657
0.4663
0.4669
0.4664
0.4670
0.4675
0.4670
0.4676
0.4682
0.4677
0.4672
0.4678
0.4683
0.4678
0.4673
0.4668
0.4663
0.4669
0.4664
0.4670
0.4675
0.4670
0.4676
0.4671
0.4677
0.4682
0.4688
0.4683
0.4678
0.4673
0.4668
0.4674
0.4679
0.4674
0.4680
0.4686
0.4691
0.4697
0.4703
0.4698
0.4703
0.4709
0.4715
0.4710
0.4715
0.4710
0.4705
0.4711
0.4716
0.4711
0.4706
0.4702
0.4707
0.4713
0.4718
0.4713
0.4708
0.4703
0.4709
0.4704
0.4710
0.4715
0.4720
0.4716
0.4721
0.4716
0.4722
0.4717
0.4722
0.4728
0.4723
0.4718
0.4723
0.4719
0.4714
0.4719
0.4714
0.4709
0.4705
0.4700
0.4695
0.4690
0.4686
0.4681
0.4686
0.4681
0.4687
0.4682
0.4677
0.4683
0.4688
0.4683
0.4689
0.4694
0.4689
0.4685
0.4680
0.4675
0.4671
0.4666
0.4671
0.4667
0.4662
0.4667
0.4673
0.4678
0.4673
0.4669
0.4664
0.4669
0.4675
0.4670
0.4675
0.4680
0.4686
0.4691
0.4696
0.4701
0.4706
0.4712
0.4707
0.4702
0.4698
0.4693
0.4698
0.4704
0.4699
0.4704
0.4700
0.4705
0.4710
0.4705
0.4701
0.4696
0.4701
0.4697
0.4692
0.4688
0.4693
0.4688
0.4684
0.4689
0.4694
0.4690
0.4685
0.4681
0.4686
0.4691
0.4696
0.4691
0.4687
0.4692
0.4697
0.4702
0.4698
0.4703
0.4708
0.4703
0.4699
0.4704
0.4699
0.4704
0.4709
0.4705
0.4710
0.4715
0.4710
0.4706
0.4701
0.4706
0.4702
0.4707
0.4703
0.4708
0.4703
0.4699
0.4694
0.4690
0.4686
0.4681
0.4677
0.4682
0.4678
0.4673
0.4669
0.4665
0.4661
0.4656
0.4661
0.4657
0.4662
0.4667
0.4672
0.4667
0.4672
0.4677
0.4682
0.4678
0.4682
0.4687
0.4683
0.4688
0.4684
0.4688
0.4693
0.4698
0.4703
0.4698
0.4694
0.4699
0.4695
0.4700
0.4695
0.4691
0.4696
0.4692
0.4696
0.4692
0.4688
0.4684
0.4689
0.4693
0.4698
0.4703
0.4707
0.4703
0.4699
0.4695
0.4691
0.4695
0.4700
0.4696
0.4692
0.4697
0.4692
0.4697
0.4693
0.4689
0.4685
0.4689
0.4685
0.4681
0.4677
0.4682
0.4678
0.4674
0.4678
0.4683
0.4688
0.4692
0.4688
0.4693
0.4689
0.4693
0.4689
0.4694
0.4698
0.4694
0.4690
0.4686
0.4682
0.4687
0.4691
0.4687
0.4683
0.4688
0.4692
0.4688
0.4693
0.4697
0.4702
0.4698
0.4694
0.4690
0.4686
0.4682
0.4678
0.4674
0.4679
0.4683
0.4688
0.4684
0.4680
0.4676
0.4680
0.4685
0.4681
0.4685
0.4681
0.4677
0.4682
0.4686
0.4691
0.4695
0.4691
0.4696
0.4700
0.4696
0.4700
0.4705
0.4701
0.4697
0.4701
0.4698
0.4702
0.4698
0.4694
0.4699
0.4695
0.4691
0.4695
0.4700
0.4696
0.4700
0.4704
0.4701
0.4705
0.4709
0.4705
0.4702
0.4706
0.4702
0.4706
0.4703
0.4699
0.4703
0.4707
0.4703
0.4708
0.4712
0.4708
0.4704
0.4701
0.4705
0.4701
0.4697
0.4694
0.4698
0.4694
0.4690
0.4686
0.4691
0.4695
0.4691
0.4688
0.4684
0.4688
0.4684
0.4681
0.4685
0.4689
0.4693
0.4689
0.4686
0.4690
0.4694
0.4698
0.4695
0.4699
0.4703
0.4707
0.4711
0.4708
0.4712
0.4708
0.4704
0.4701
0.4705
0.4701
0.4705
0.4702
0.4698
0.4702
0.4699
0.4695
0.4691
0.4688
0.4692
0.4696
0.4692
0.4688
0.4693
0.4697
0.4701
0.4697
0.4701
0.4705
0.4702
0.4698
0.4695
0.4691
