0.13 .5000
0.14 1.0000
0.15 .3333
0.16 .2000
0.17 .4507
0.18 .5352
0.19 .5074
0.20 .4754
0.21 .4880
0.22 .5168
0.23 .5191
0.24 .5065
0.25 .4967
0.26 .4850
0.27 .5352
0.28 .4725
0.29 .5235
0.30 .4798
0.31 .5057
0.32 .5086
0.33 .5025
0.34 .4881
0.35 .5090
0.36 .5364
0.37 .5108
0.38 .5127
0.39 .5323
0.40 .5137
0.41 .5359
0.42 .5105
0.43 .5145
0.44 .5248
0.45 .5176
0.46 .5316
0.47 .5058
0.48 .5127
0.49 .4800
0.50 .4929
0.51 .4545
0.52 .4637
0.53 .4130
0.54 .5531
0.55 .4324
0.56 .4285
0.57 .4166
0.58 .3333
0.59 .5000
0.60 1.0000
