0.0 0
0.1 0
0.2 0
0.3 0
0.4 0
0.5 0
0.6 0
0.7 0
0.8 0
0.9 0
0.10 0
0.11 0
0.12 0
0.13 2
0.14 1
0.15 12
0.16 15
0.17 71
0.18 71
0.19 67
0.20 305
0.21 500
0.22 416
0.23 809
0.24 1382
0.25 612
0.26 1736
0.27 1786
0.28 1841
0.29 1950
0.30 2822
0.31 1900
0.32 1685
0.33 3130
0.34 1434
0.35 2092
0.36 1549
0.37 1149
0.38 1533
0.39 975
0.40 1162
0.41 778
0.42 852
0.43 793
0.44 804
0.45 651
0.46 506
0.47 514
0.48 392
0.49 275
0.50 213
0.51 143
0.52 138
0.53 92
0.54 47
0.55 37
0.56 28
0.57 12
0.58 3
0.59 4
0.60 1
0.61 1
0.62 0
0.63 1
0.64 0
0.65 0
0.66 0
0.67 1
0.68 0
0.69 0
0.70 0
0.71 0
0.72 0
0.73 0
0.74 0
0.75 0
0.76 0
0.77 0
0.78 0
0.79 0
0.80 0
0.81 0
0.82 0
0.83 0
0.84 0
0.85 0
0.86 0
0.87 0
0.88 0
0.89 0
0.90 0
0.91 0
0.92 0
0.93 0
0.94 0
0.95 0
0.96 0
0.97 0
0.98 0
0.99 0
