7.888609e-31
7.888609e-29
3.904861e-27
1.275588e-25
3.093301e-24
5.939138e-23
9.403635e-22
1.262774e-20
1.467975e-19
1.500596e-18
1.365543e-17
1.117262e-16
8.286361e-16
5.609229e-15
3.485735e-14
1.998488e-13
1.061697e-12
5.246031e-12
2.419003e-11
1.043991e-10
4.228163e-10
1.610729e-09
5.783981e-09
1.961524e-08
6.293223e-08
1.913140e-07
5.518672e-07
1.512525e-06
3.943369e-06
9.790433e-06
2.317069e-05
5.232091e-05
1.128170e-04
2.324713e-04
4.581053e-04
8.638557e-04
1.559739e-03
2.697928e-03
4.472880e-03
7.110732e-03
1.084387e-02
1.586907e-02
2.229227e-02
3.006864e-02
3.895256e-02
4.847430e-02
5.795840e-02
6.659050e-02
7.352701e-02
7.802866e-02
7.958924e-02
7.802866e-02
7.352701e-02
6.659050e-02
5.795840e-02
4.847430e-02
3.895256e-02
3.006864e-02
2.229227e-02
1.586907e-02
1.084387e-02
7.110732e-03
4.472880e-03
2.697928e-03
1.559739e-03
8.638557e-04
4.581053e-04
2.324713e-04
1.128170e-04
5.232091e-05
2.317069e-05
9.790433e-06
3.943369e-06
1.512525e-06
5.518672e-07
1.913140e-07
6.293223e-08
1.961524e-08
5.783981e-09
1.610729e-09
4.228163e-10
1.043991e-10
2.419003e-11
5.246031e-12
1.061697e-12
1.998488e-13
3.485735e-14
5.609229e-15
8.286361e-16
1.117262e-16
1.365543e-17
1.500596e-18
1.467975e-19
1.262774e-20
9.403635e-22
5.939138e-23
3.093301e-24
1.275588e-25
3.904861e-27
7.888609e-29
