1.350648
1.350648
0.711503
0.711503
0.585244
0.501195
0.501195
0.501195
0.409945
0.409945
0.250795
0.250795
0.250795
0.204390
0.196057
0.196057
0.188492
0.188492
0.179631
0.176397
0.171518
0.171518
0.171071
0.171071
0.169800
0.169800
0.169800
0.169800
0.169529
0.169529
0.169529
0.109498
0.109498
0.109498
0.080270
0.080270
0.076434
0.070135
0.069220
0.069220
0.068459
0.065172
0.065172
0.064236
0.064236
0.064020
0.062614
0.060402
0.059712
0.050631
0.050631
0.050631
0.047226
0.047226
0.047226
0.040277
0.040277
0.039163
0.039163
0.039163
0.038125
0.036848
0.036848
0.036747
0.036747
0.036747
0.036607
0.036606
0.036225
0.036225
0.036225
0.036225
0.036225
0.035572
0.035441
0.035441
0.035441
0.035441
0.035441
0.035334
0.035334
0.035334
0.035334
0.035185
0.035185
0.035122
0.034505
0.034505
0.034505
0.034505
0.034505
0.034505
0.034500
0.034438
0.034438
0.034438
0.034438
0.034438
0.033999
0.032481
0.032481
0.032481
0.032481
0.032481
0.032481
0.032481
0.032481
0.032481
0.032481
0.032481
0.032293
0.032293
0.032293
0.032293
0.032293
0.032247
0.031933
0.031933
0.031933
0.031933
0.031933
0.031933
0.031933
0.031933
0.031823
0.031823
0.031823
0.031823
0.031823
0.031600
0.031600
0.031600
0.031600
0.031600
0.031600
0.031600
0.031600
0.031600
0.031600
0.031570
0.031570
0.031570
0.031570
0.031570
0.031570
0.031570
0.031204
0.031204
0.031204
0.031204
0.031204
0.031204
0.031204
0.031204
0.031204
0.031204
0.031204
0.031204
0.031204
0.031204
0.031204
0.031204
0.031204
0.031204
0.031204
0.031204
0.031204
0.031162
0.031162
0.031162
0.031162
0.031162
0.031162
0.031162
0.031162
0.031114
0.031114
0.031114
0.031114
0.031114
0.031114
0.031114
0.031114
0.031114
0.031114
0.031114
0.031114
0.030950
0.030950
0.030950
0.030950
0.030950
0.030950
0.030950
0.030950
0.030950
0.030950
0.030950
0.030950
0.029819
0.029819
0.029819
0.029819
0.029819
0.029819
0.029819
0.029819
0.029772
0.029772
0.029772
0.029050
0.029050
0.028590
0.028462
0.027689
0.027689
0.026919
0.026919
0.026369
0.026369
0.026369
0.026369
0.024431
0.024431
0.024359
0.024359
0.024359
0.024359
0.024253
0.024253
0.024253
0.024253
0.024132
0.024055
0.023823
0.023823
0.023823
0.021092
0.021092
0.010947
0.010947
0.010797
0.010797
0.010641
0.010641
0.010629
0.010629
0.010629
0.010629
0.010629
0.010629
0.010620
0.010321
0.010321
0.009684
0.009684
0.009684
0.009684
0.009639
0.009639
0.009639
0.009639
0.009639
0.009629
0.009629
0.009629
0.009547
0.009547
0.009547
0.009014
0.009014
0.009014
0.009014
0.009014
0.008957
0.008957
0.008957
0.008957
0.008957
0.008529
0.008529
0.007903
0.007903
0.007903
0.007903
0.007903
0.007903
0.007903
0.007903
0.007903
0.007903
0.007903
0.007903
0.007903
0.007903
0.007903
0.007903
0.007903
0.007903
0.007529
0.007529
0.007529
0.007529
0.007361
0.007361
0.007361
0.007361
0.007361
0.007359
0.007359
0.007260
0.007260
0.007219
0.007219
0.007108
0.007108
0.007108
0.007108
0.007108
0.007108
0.007108
0.007108
0.007108
0.007108
