10.841109
10.841109
7.733058
6.826870
5.431796
5.431796
5.383947
5.240722
5.179509
4.778599
4.153060
4.153060
4.153060
4.136400
3.745995
3.447550
3.447550
3.273771
3.273771
3.273771
3.183607
3.183607
3.183607
3.183607
3.183607
3.183607
3.183607
3.183607
3.183607
3.101431
3.101431
2.975006
2.975006
2.975006
2.975006
2.975006
2.975006
2.975006
2.975006
2.920221
2.920221
2.920221
2.920221
2.920221
2.920221
2.920221
2.920221
2.920221
2.920221
2.920221
2.891218
2.891218
2.891218
2.889010
2.889010
2.889010
2.889010
2.889010
2.889010
2.806114
2.806114
2.806114
2.806114
2.806114
2.764644
2.764644
2.750878
2.750878
2.750878
2.750878
2.750878
2.750878
2.750878
2.750878
2.750878
2.750878
2.750878
2.750878
2.750878
2.720247
2.720247
2.720247
2.720247
2.720247
2.720247
2.720247
2.720247
2.693987
2.693987
2.693987
2.693987
2.693987
2.693987
