-0.587899
0.999286
-0.999359
0.654804
-0.986971
0.255540
0.355496
0.280678
0.338996
0.172794
0.269785
0.267399
0.093363
0.203948
0.107175
0.006060
-0.086938
0.189900
-0.032000
-0.018351
-0.054903
-0.114099
-0.092136
-0.188738
-0.133849
0.212943
-0.168973
-0.218215
-0.192935
-0.168669
-0.130238
0.142571
0.225620
0.098406
0.108070
0.266292
-0.034236
-0.165407
-0.112642
0.011072
-0.092696
-0.126509
-0.155069
-0.121170
-0.017066
-0.163317
0.036924
-0.008615
-0.068050
-0.064611
0.051445
0.121961
0.091593
0.243952
0.132578
0.057623
-0.004171
-0.058563
-0.007026
-0.022611
-0.108766
-0.190858
-0.203995
-0.323737
-0.169341
-0.129572
-0.198313
-0.148611
-0.093161
-0.122804
-0.101802
-0.114403
-0.123855
-0.164843
-0.224713
0.074382
0.144025
0.126659
0.072054
0.195543
0.048329
-0.165126
-0.117025
-0.189445
-0.161950
-0.029419
0.294596
0.061096
0.087016
0.147739
0.126144
-0.069387
-0.073034
-0.083939
-0.093203
-0.067430
-0.143427
-0.013461
-0.143726
-0.078586
-0.220451
-0.115914
-0.232559
0.101671
0.032574
0.794893
0.626377
0.987098
1.000000
1.000000
1.000000
1.000000
1.000000
1.000000
1.000000
1.000000
1.000000
1.000000
1.000000
1.000000
1.000000
1.000000
