1.039877
0.438772
0.249415
0.159122
0.074849
0.074849
0.074849
0.074849
0.074849
0.074849
0.074849
0.074849
0.074849
0.074849
0.074849
0.074849
0.074849
0.074849
0.074849
0.074849
0.074849
0.074849
0.074849
0.074849
0.074849
0.074849
0.070104
0.070104
0.070104
0.070104
0.070104
0.070104
0.070104
0.070104
0.070104
0.070104
0.070104
0.061462
0.061462
0.061462
0.061462
0.061462
0.061462
0.061375
0.061375
0.061375
0.061375
0.061375
0.061375
0.061375
0.061375
0.061375
0.061375
0.061375
0.061375
0.061375
0.061375
0.061375
0.061375
0.061375
0.061375
0.061375
0.061375
0.061375
0.061375
0.061375
0.061375
0.061375
0.055419
0.055419
0.055419
0.055419
0.054977
0.054977
0.054977
0.054977
0.050860
0.050860
0.050860
0.028268
0.028268
0.015775
0.015775
0.015775
0.015775
0.015775
0.015775
0.015775
0.015775
0.015775
0.015775
0.015775
0.015775
0.015775
0.015775
0.015775
0.015775
0.015775
0.015775
0.008426
0.008426
0.008426
0.008426
0.008426
0.008426
0.008426
0.008426
0.008426
0.008426
0.008426
0.008426
0.008426
0.008426
0.008426
0.008426
0.008426
0.008426
0.008426
0.008426
0.008426
0.008426
0.008426
0.008426
0.008426
0.008426
0.008426
0.008426
0.008426
0.008426
0.007790
0.007790
0.007790
0.007790
0.007790
0.007790
0.007790
0.007790
0.007790
0.007790
0.007790
0.007790
0.007790
0.007790
0.007790
0.007790
0.007790
0.007790
0.007790
0.007790
0.007790
0.007790
0.007790
0.007790
0.007790
0.007790
0.007790
0.007790
0.007790
0.007790
0.007205
0.007101
0.007101
0.007101
0.007101
0.007101
0.007101
0.007101
0.007101
0.007101
0.007101
0.007101
0.007101
0.007101
0.007101
0.007101
0.007101
0.007101
0.007101
0.007101
0.007101
0.007101
0.007101
0.007101
0.007101
0.007101
0.007101
0.007101
0.007101
0.006549
0.006549
0.006549
0.006549
0.006549
0.006549
0.006549
0.006549
0.006549
0.006549
0.006549
0.006549
0.006549
0.006549
0.006549
0.006549
0.006549
0.006549
0.006549
0.006549
0.006549
0.006549
0.006549
0.006549
0.006549
0.006549
0.006549
0.006549
0.006549
0.006549
0.006549
0.006549
0.006549
0.006549
0.006549
0.006549
0.006549
0.006549
0.006549
0.006549
0.006549
0.006549
0.006549
0.006549
0.006549
0.006549
0.006549
0.006549
0.006549
0.006549
0.006549
0.006549
0.006549
0.006549
0.006549
0.006549
0.006549
0.006549
0.006549
0.006549
0.006549
0.006549
0.006549
0.006549
0.006549
0.006549
0.006549
0.006549
0.006549
0.006549
0.006549
0.006549
0.006549
0.006549
0.006549
0.006549
0.006549
0.006549
0.006549
0.006549
0.006549
0.006549
0.006549
0.005164
0.005164
0.004266
0.004266
0.004266
0.004266
0.004266
0.004266
0.004266
0.004266
0.004266
0.004266
0.004266
0.004266
0.004266
0.004266
0.004266
0.004266
0.004266
0.004266
0.004266
0.004266
0.004266
0.004266
0.004266
0.004266
0.004266
0.004266
0.004266
0.004266
0.004266
0.004266
0.004266
0.004266
0.003270
0.003270
0.003270
0.003270
0.003270
0.003270
0.003270
0.003270
0.003270
0.003270
0.003270
0.003270
0.003270
0.003270
0.003270
0.003270
0.003270
0.003270
0.003270
0.003270
0.003270
0.003270
0.003270
0.003270
0.003270
0.003270
0.003270
0.003270
0.003270
0.003270
0.003270
0.003270
0.003270
0.003270
0.003270
0.003270
0.003270
0.003270
0.003270
0.003270
0.003270
0.003270
0.003270
0.003270
0.003270
0.003270
0.003270
0.003270
0.003270
0.003270
0.003270
0.003270
0.003270
0.003270
0.003270
0.003270
0.003270
0.003270
0.003270
0.003270
0.003270
0.003270
0.003270
0.003270
0.003270
0.003270
0.003270
0.003270
0.003270
0.003270
0.003270
0.003270
0.003270
0.003270
0.003270
0.003270
0.003270
0.003270
0.003270
0.003270
0.003270
0.003270
0.003270
0.003270
0.003270
0.003270
0.003270
0.003270
0.003270
0.003270
0.003270
0.003270
0.003270
0.003270
0.003270
0.003270
0.003270
0.003270
0.003270
0.003270
0.003270
0.003270
0.003270
0.003270
0.003270
0.003270
0.003270
0.003270
0.003270
0.003270
0.003270
0.003270
0.003270
0.003270
0.003270
0.003270
0.003270
0.003270
0.003270
0.003270
0.003270
0.003270
0.003270
0.003270
0.003270
0.003270
0.003270
0.003270
0.003270
0.003270
0.003270
0.003270
0.003270
0.003270
0.003270
0.003270
0.003270
0.003270
0.003270
0.003270
0.003270
0.003270
0.003270
0.003270
0.003270
0.003270
0.003270
0.003270
0.003270
0.003270
0.003270
0.003270
0.003270
0.003270
0.003270
0.003270
0.003270
0.003270
0.003270
0.003270
0.003270
0.003270
0.003270
0.003270
0.003270
0.003270
0.003270
0.003270
0.003270
0.003270
0.003270
0.003270
0.003270
0.003270
0.003270
0.003270
0.003270
0.003270
0.003270
0.003270
0.003270
0.003270
0.003270
0.003270
0.003270
0.003270
0.003270
0.003270
0.003270
0.003270
0.003270
0.003270
0.003270
0.003270
0.003270
0.003270
0.003270
0.003270
0.003270
0.003270
0.003270
0.003270
0.003270
0.003270
0.003270
0.003270
0.003270
0.003270
0.003270
0.003270
0.003270
0.003270
0.003270
0.003270
0.003270
0.003270
0.003156
0.003156
0.003156
0.003156
0.003156
0.003156
0.003156
0.003156
0.003156
0.003156
0.003156
0.003156
0.003156
0.003156
0.003156
0.003156
0.003156
0.003156
0.003156
0.003156
0.003156
0.003156
0.003156
0.003156
0.003156
0.003156
0.003156
0.003156
0.003156
0.003156
0.003156
0.003156
0.003156
0.003156
0.003156
0.003156
0.002820
0.002820
0.002820
0.002820
0.002820
0.002820
0.002820
0.002820
0.002820
0.002820
0.002820
0.002820
0.002820
0.002820
0.002820
0.002820
0.002820
0.002820
0.002820
0.002820
0.002820
0.002820
0.002820
0.002820
0.002820
0.002820
0.002820
0.002820
0.002820
0.002820
0.002820
0.002820
0.002820
0.002820
0.002820
0.002820
0.002820
0.002820
0.002820
0.002820
0.002820
0.002820
0.002820
0.002820
0.002820
0.002820
0.001791
0.001791
0.001791
0.001791
0.001791
0.001791
0.001791
0.001791
0.001791
0.001791
0.001791
0.001791
0.001791
0.001791
0.001791
0.001791
0.001791
0.001791
0.001791
0.001791
0.001791
0.001791
0.001791
0.001791
0.001791
0.001791
0.001791
0.001791
0.001791
0.001791
0.001791
0.001791
0.001791
0.001791
0.001791
0.001791
0.001791
0.001791
0.001791
0.001791
0.001791
0.001791
0.001791
0.001791
0.001791
0.001791
0.001791
0.001791
0.001791
0.001791
0.001791
0.001791
0.001791
0.001791
0.001791
0.001791
0.001791
0.001791
0.001791
0.001791
0.001791
0.001791
0.001791
0.001381
0.001381
0.001381
0.001381
0.001381
0.001381
0.001381
0.001381
0.001381
0.001381
0.001381
0.001381
0.001381
0.001381
0.001381
0.001381
0.001381
0.001381
0.001381
0.001381
0.001381
0.001381
0.001381
0.001381
0.001381
0.001381
0.001381
0.001381
0.001381
0.001381
0.001381
0.001381
0.001381
0.001381
0.001381
0.001381
0.000920
0.000920
0.000920
0.000920
0.000920
0.000920
0.000920
0.000920
0.000920
0.000920
0.000920
0.000920
0.000920
0.000920
0.000920
0.000920
0.000920
0.000920
0.000920
0.000920
0.000920
0.000920
0.000920
0.000920
0.000920
0.000920
0.000920
0.000920
0.000920
0.000920
0.000920
0.000920
0.000920
0.000920
0.000920
0.000920
0.000920
0.000920
0.000920
0.000920
0.000920
0.000920
0.000920
0.000920
0.000920
0.000920
0.000920
0.000920
0.000920
0.000920
0.000920
0.000920
0.000920
0.000920
0.000920
0.000920
0.000920
0.000920
0.000920
0.000920
0.000920
0.000920
0.000920
0.000920
0.000920
0.000920
0.000920
0.000920
0.000920
0.000920
0.000920
0.000920
0.000920
0.000920
0.000920
0.000920
0.000920
0.000920
0.000920
0.000920
0.000920
0.000920
0.000920
0.000920
0.000920
0.000920
0.000920
0.000920
0.000920
0.000920
0.000920
0.000920
0.000920
0.000920
0.000920
0.000920
0.000920
0.000920
0.000920
0.000920
0.000920
0.000920
0.000920
0.000920
0.000920
0.000920
0.000920
0.000841
0.000841
0.000841
0.000841
0.000841
0.000841
0.000841
0.000841
0.000841
0.000841
0.000841
0.000841
0.000841
0.000841
0.000841
0.000841
0.000841
0.000841
0.000841
0.000841
0.000841
0.000841
0.000841
0.000841
0.000841
0.000841
0.000841
0.000841
0.000841
0.000841
0.000841
0.000841
0.000841
0.000841
0.000841
0.000841
0.000841
0.000841
0.000841
0.000841
0.000841
0.000841
0.000841
0.000841
0.000841
0.000841
0.000841
0.000841
0.000841
0.000841
0.000841
0.000487
0.000487
0.000487
0.000487
0.000487
0.000487
0.000487
0.000487
0.000487
0.000487
0.000487
0.000487
0.000487
0.000487
0.000487
0.000487
0.000487
0.000487
0.000487
0.000487
0.000487
0.000487
0.000487
0.000487
0.000487
0.000487
0.000487
0.000487
0.000487
0.000487
0.000487
0.000487
0.000487
0.000487
0.000487
0.000487
0.000487
0.000487
0.000487
0.000487
0.000487
0.000487
0.000487
0.000487
0.000487
0.000487
0.000487
0.000487
0.000487
0.000487
0.000487
0.000487
0.000487
0.000487
0.000487
0.000487
0.000487
0.000487
0.000487
