79.062304
79.062304
76.593931
74.755058
74.755058
74.755058
74.755058
74.755058
72.812219
72.812219
72.812219
72.812219
72.812219
69.568146
69.568146
69.568146
69.568146
69.568146
69.568146
69.568146
69.568146
69.568146
69.568146
69.568146
69.568146
69.568146
69.568146
69.568146
69.568146
69.568146
69.568146
69.568146
69.568146
68.914221
68.914221
68.914221
68.914221
68.914221
68.914221
68.914221
68.914221
68.914221
68.914221
68.914221
68.914221
68.914221
68.914221
68.914221
68.914221
68.914221
68.914221
68.914221
68.914221
68.914221
68.914221
68.914221
68.914221
68.914221
68.914221
68.914221
68.914221
68.914221
68.914221
68.914221
68.914221
68.914221
68.914221
68.914221
68.914221
68.914221
68.914221
68.914221
63.250074
63.250074
63.250074
63.250074
63.250074
63.250074
63.250074
63.250074
63.250074
63.250074
63.250074
63.250074
63.250074
63.250074
63.250074
54.829895
54.829895
54.829895
54.829895
54.829895
54.829895
54.829895
54.829895
54.829895
54.829895
54.829895
54.829895
54.829895
54.829895
54.829895
54.829895
54.829895
54.829895
54.829895
54.829895
54.829895
54.829895
54.829895
54.829895
54.829895
54.829895
54.829895
54.829895
54.829895
54.829895
54.829895
54.829895
54.829895
54.829895
54.829895
54.829895
54.829895
54.829895
54.829895
54.829895
54.829895
54.829895
54.829895
54.829895
54.829895
54.829895
54.829895
54.829895
54.829895
54.829895
54.829895
54.829895
54.829895
54.829895
54.829895
54.829895
54.829895
54.829895
54.829895
54.829895
54.829895
54.829895
54.829895
54.829895
54.829895
54.829895
54.829895
54.829895
54.829895
54.829895
54.829895
54.829895
54.829895
54.829895
54.829895
54.829895
54.829895
54.829895
54.829895
54.829895
54.829895
54.829895
54.829895
54.829895
54.829895
54.829895
54.829895
54.829895
54.829895
54.829895
54.829895
54.829895
54.829895
54.829895
54.829895
54.829895
54.829895
54.829895
54.829895
54.829895
54.829895
54.829895
54.829895
54.829895
54.829895
54.829895
54.829895
54.829895
54.829895
54.829895
54.829895
54.829895
54.829895
54.829895
54.829895
54.829895
54.829895
54.829895
54.829895
54.829895
54.829895
54.829895
54.829895
54.829895
54.829895
54.829895
54.829895
54.829895
54.829895
54.829895
54.829895
54.829895
54.829895
54.829895
54.829895
54.829895
54.829895
54.829895
54.829895
54.829895
54.829895
54.829895
54.829895
54.829895
54.829895
54.829895
54.829895
54.829895
54.829895
54.829895
54.829895
54.829895
54.829895
54.829895
54.829895
54.829895
54.829895
54.829895
54.829895
54.829895
54.829895
54.829895
54.829895
54.829895
54.829895
54.829895
54.829895
54.829895
54.829895
54.829895
54.829895
54.829895
54.829895
54.829895
54.829895
54.829895
54.829895
54.829895
54.829895
54.829895
54.829895
54.829895
54.829895
54.829895
54.829895
54.829895
54.829895
54.829895
54.829895
54.829895
54.829895
54.829895
54.829895
54.829895
54.829895
54.829895
54.829895
54.829895
54.829895
54.829895
54.829895
54.829895
