-0.999963
0.179529
0.148225
0.263793
0.395443
0.373606
0.359018
0.377312
0.363484
0.330181
0.370393
0.370015
0.222455
0.203381
0.018731
-0.079433
-0.093908
0.040333
-0.043743
-0.092908
-0.054620
-0.065469
-0.095222
-0.107153
-0.115277
0.002247
-0.104153
-0.138774
-0.091483
-0.100162
-0.125766
-0.005293
0.187092
0.035806
0.079445
-0.017571
-0.037926
-0.129179
-0.116008
-0.084191
-0.076602
-0.119519
-0.115463
-0.089622
-0.042338
-0.127076
-0.031396
-0.084230
-0.070383
-0.080764
0.026304
0.050023
0.072050
0.201978
0.023026
-0.010446
-0.012331
-0.031961
-0.035009
-0.083788
-0.098427
-0.105927
-0.143331
-0.176034
-0.136279
-0.113204
-0.128960
-0.128035
-0.049213
-0.073509
-0.074704
-0.116122
-0.080648
-0.092316
-0.125949
-0.068512
0.176403
0.033102
-0.024595
0.153356
-0.028169
-0.132314
-0.114866
-0.121641
-0.140383
-0.082569
0.143860
0.032618
0.026176
0.020288
0.096089
-0.033105
-0.102620
-0.068189
-0.073218
-0.069367
-0.100245
-0.073344
-0.096750
-0.066217
-0.127411
-0.125072
-0.084784
-0.015194
-0.074936
-0.064630
-0.058064
-0.102125
-0.148368
-0.126408
-0.126605
-0.120370
-0.114438
-0.062689
-0.116428
-0.100362
-0.069280
-0.102298
-0.019328
-0.077453
-0.056870
-0.049658
-0.057132
-0.017102
-0.058029
0.200551
-0.032871
-0.017433
-0.080971
-0.000608
-0.113224
0.005086
-0.028125
0.009006
-0.083843
-0.084413
-0.119652
-0.084780
-0.128024
-0.099970
-0.104100
-0.009629
0.024160
0.084062
-0.017858
0.031151
0.042236
-0.082962
0.021144
0.127302
0.127904
-0.028614
0.076592
0.100912
-0.045832
-0.054996
-0.024939
-0.029058
-0.008087
-0.053474
-0.026405
-0.028201
-0.060584
-0.077894
0.034585
0.072202
0.086830
0.039811
0.317315
0.137060
0.048462
0.032652
0.015910
0.052630
-0.082227
-0.067225
-0.083093
-0.099527
-0.059385
-0.069707
0.004832
-0.078523
-0.096490
-0.143564
-0.143350
-0.103128
-0.017981
-0.074080
0.096333
0.060681
0.242531
0.101999
0.100464
0.054367
0.049424
-0.077164
-0.103091
-0.080697
-0.050890
-0.079707
-0.096214
-0.071501
