1.24486
1.24491
1.24484
1.24497
1.24516
1.24529
1.24498
1.24531
1.24517
1.24516
1.24527
1.24508
1.24431
1.2443
1.2446
1.24519
1.24462
1.24431
1.2447
1.24402
1.244
1.24374
1.24298
1.2423
1.2427
1.2431
1.2439
1.24349
1.24336
1.24362
1.2435
1.24543
1.24597
1.24719
1.246
1.24437
1.24508
1.24552
1.24537
1.24569
1.24598
1.24613
1.2466
1.24625
1.24563
1.24625
1.2465
1.24657
1.24695
1.24719
1.24755
1.2476
1.24679
1.24666
1.24676
1.24708
1.24667
1.24656
1.24665
1.24656
1.24703
1.247
1.24678
1.24775
1.24684
1.24697
1.24649
1.24668
1.24678
1.24693
1.24646
1.24605
1.24591
1.24611
1.24572
1.24582
1.24603
1.24581
1.24627
1.24679
1.24618
1.24676
1.24672
1.24683
1.2473
1.24672
1.24704
1.24781
1.24766
1.24814
1.24815
1.24816
1.2486
1.24828
1.24785
1.24816
1.24866
1.24855
1.24788
1.24774
1.24846
1.24885
1.24872
1.24923
1.24905
1.24891
1.24965
1.25016
1.2498
1.24926
1.24873
1.24805
1.24866
1.2494
1.24935
1.24878
1.24813
1.24818
1.24823
1.24767
1.24709
1.2473
1.24775
1.24755
1.24816
1.24819
1.24833
1.2485
1.2485
1.24853
1.24878
1.24902
1.24917
1.24943
1.24949
1.24867
1.24937
1.24917
1.24923
1.24945
1.24934
1.24943
1.24972
1.24952
1.24972
1.24954
1.24978
1.24945
1.24893
1.24906
1.24929
1.24893
1.24871
1.24835
1.24845
1.24811
1.24778
1.24727
1.24778
1.24788
1.24769
1.24786
1.24816
1.24767
1.24765
1.24774
1.24788
1.24785
1.2477
1.24749
1.24757
1.24736
1.24724
1.24736
1.24756
1.24755
1.2476
1.24744
1.24729
1.2472
1.24726
1.24742
1.24739
1.24739
1.24724
1.24716
1.24697
1.24687
1.24696
1.24701
1.24708
1.24705
1.24702
1.24725
1.24724
1.24746
1.24742
1.24749
1.24739
1.24741
1.24751
1.24753
1.24741
1.24738
1.24736
1.24755
1.24754
1.24752
1.24759
1.24735
1.24722
1.24706
1.24719
1.24701
1.24699
1.24711
1.24743
1.2471
1.24728
1.24761
1.24738
1.24738
1.24717
1.24739
1.24728
1.24732
1.24749
1.24746
1.24747
1.24748
1.24688
1.24689
1.24677
1.24701
1.24679
1.24634
1.24644
1.24642
1.24646
1.2467
1.24668
1.24657
1.24636
1.24646
1.2465
1.24636
1.24642
1.24648
1.24656
1.24638
1.24648
1.24658
1.24656
1.24668
1.24666
1.2469
1.24667
1.2465
1.24649
1.24666
1.24685
1.24663
1.24667
1.2467
1.24699
1.24697
1.24684
1.24686
1.24676
1.24674
1.24676
1.2467
1.24657
1.24667
1.2466
1.2466
1.2466
1.24655
1.2467
1.2466
1.24653
1.24637
1.24627
1.24644
1.2465
1.24629
1.24652
1.24647
1.24639
1.24636
1.24638
1.24673
1.24659
1.24656
1.24649
1.24672
1.24667
1.24656
1.2464
1.24637
1.24561
1.24531
1.24561
1.24556
1.24581
1.24592
1.24588
1.24609
1.24557
1.24571
1.24545
1.24578
1.24431
1.24485
1.24456
1.2443
1.24468
1.24419
1.24379
1.24388
1.24381
1.24442
1.24411
1.24416
1.24442
1.24409
1.24422
1.2447
1.24461
1.24369
1.24392
1.24381
1.24377
1.24368
1.24366
1.24341
1.24361
1.2435
1.2437
1.24374
1.24375
1.24351
1.24364
1.24384
1.24397
1.24368
1.2437
1.24407
1.24458
1.24492
1.24455
1.24461
1.2447
1.2447
1.24487
1.24438
1.24424
1.24422
1.24405
1.24368
1.24392
1.24431
1.24398
1.24413
1.24374
1.24366
1.244
1.24375
1.24353
1.24327
1.24286
1.24326
1.24311
1.2425
1.24263
1.24217
1.24124
1.24178
1.24162
1.24186
1.24177
1.2419
1.24251
1.24259
1.24199
1.24208
1.24195
1.24167
1.24127
1.24127
1.24134
1.24078
1.24031
1.24023
1.24033
1.24049
1.24107
1.24109
1.24071
1.24042
1.24057
1.2404
1.24096
1.24041
1.24092
1.24027
1.24019
1.24001
1.24049
1.23981
1.23979
1.23964
1.23907
1.23938
1.23882
1.2387
1.23868
1.23881
1.23903
1.2391
1.23928
1.23922
1.23956
1.2397
1.2397
1.23944
1.2392
1.23888
1.2386
1.23881
1.23869
1.23868
1.23892
1.23901
1.23869
1.23858
1.23846
1.23837
1.23845
1.23823
1.2382
1.23819
1.23795
1.23818
1.2382
1.23833
1.23832
1.23829
1.23786
1.23801
1.238
1.23778
1.23791
1.23813
1.23797
1.23797
1.23798
1.23793
1.23799
1.23795
1.23799
1.23794
1.23796
1.23836
1.23849
1.23827
1.2382
1.23854
1.23826
1.23823
1.23825
1.23816
1.23793
1.23798
1.23808
1.23819
1.23812
1.23821
1.23838
1.23843
1.23824
1.2383
1.23843
1.23842
1.23842
1.23847
1.2384
1.23845
1.23852
1.23838
1.23844
1.23851
1.23846
1.23833
1.23838
1.23852
1.23856
1.23852
1.2386
1.23898
1.23897
1.23884
1.23853
1.23859
1.23873
1.23882
1.23902
1.2389
1.23861
1.23869
1.2385
1.2384
1.23868
1.2388
1.23871
1.23866
1.23855
1.2387
1.23862
1.23842
1.23857
1.23846
1.23858
1.23857
1.23913
1.23887
1.23898
1.23897
1.239
1.23873
1.23878
1.23889
1.23866
1.2386
1.23882
1.23882
1.23908
1.23878
1.23887
1.2386
1.23855
1.23859
1.23857
1.23858
1.23859
1.23866
1.23847
1.23852
1.23856
1.23852
1.23849
1.23835
1.23878
1.23891
1.23858
1.23869
1.23874
1.2385
1.2385
1.23857
1.2384
1.2385
1.23858
1.2385
1.23848
1.23831
1.23823
1.23795
1.23806
1.23809
1.23833
1.2383
1.23819
1.2373
1.23741
1.23717
1.23709
1.23747
1.23722
1.23716
1.23713
1.23732
1.23742
1.23707
1.23709
1.23761
1.23792
1.23756
1.23766
1.2375
1.23675
1.23706
1.23699
1.23676
1.23699
1.23703
1.23728
1.23752
1.23737
1.23715
1.23706
1.23633
1.23598
1.23507
1.2345
1.23443
1.23376
1.23364
1.23277
1.23354
1.23366
1.23422
1.23433
1.23372
1.23431
1.23396
1.23406
1.23371
1.23289
1.2326
1.23314
1.23286
1.23363
1.2342
1.23387
1.23378
1.23371
1.23373
1.23379
1.23257
1.23263
1.23292
1.23271
1.23349
1.23322
1.23365
1.23383
1.23358
1.23318
1.23351
1.2335
1.23287
1.23285
1.23283
1.23258
1.2324
1.23231
1.23259
1.23304
1.23286
1.23263
1.23282
1.23328
1.23335
1.23296
1.23281
1.23329
1.23342
1.23274
1.23315
1.23344
1.23352
1.2333
1.23413
1.23337
1.23329
1.23331
1.23323
1.23303
1.23253
1.23252
1.23247
1.23161
1.23176
1.23162
1.2313
1.23169
1.23148
1.23138
1.23127
1.23112
1.23179
1.23041
1.2313
1.23101
1.23097
1.231
1.23171
1.23216
1.23217
1.23184
1.23194
1.23233
1.23226
1.2319
1.23149
1.23166
1.23088
1.23041
1.2308
1.23139
1.23091
1.23097
1.23132
1.23153
1.2305
1.23027
1.23056
1.23114
1.2311
1.2309
1.2315
1.2309
1.23065
1.23077
1.23068
1.23053
1.23052
1.23029
1.23055
1.23058
1.23052
1.23049
1.23049
1.23035
1.2307
1.23059
1.23052
1.23063
1.23054
1.2307
1.23064
1.23086
1.2307
1.23065
1.23063
1.23062
1.23072
1.23123
1.23118
1.23105
1.23096
1.23093
1.23108
1.23117
1.23116
1.23145
1.23134
1.23151
1.23133
1.23134
1.23114
1.23091
1.23111
1.23097
1.23111
1.2311
1.23109
1.23118
1.23106
1.231
1.23098
1.23091
1.23104
1.23107
1.23117
1.23088
1.23101
1.23099
1.23102
1.23097
1.23112
1.23107
1.23115
1.23101
1.23094
1.23091
1.23084
1.23113
1.23141
1.23136
1.2312
1.2311
1.23114
1.23129
1.23134
1.23155
1.23165
1.23161
1.23153
1.23131
1.2315
1.23152
1.23149
1.23162
1.23148
1.23174
1.2318
1.23185
1.23192
1.2316
1.23148
1.23177
1.2318
1.23174
1.23154
1.23161
1.2314
1.23136
1.23162
1.23166
1.23164
1.23162
1.23162
1.23167
1.23162
1.23148
1.23122
1.2311
1.23113
1.23124
1.23146
1.23127
1.23112
1.23114
1.23134
1.23141
1.2314
1.23117
1.23097
1.23086
1.23083
1.23087
1.23069
1.23084
1.23092
1.23089
1.23073
1.23063
1.2305
1.23035
1.23063
1.2305
1.23062
1.2306
1.2306
1.23064
1.23065
1.23056
1.23064
1.23059
1.23074
1.23065
1.23079
1.23071
1.23058
1.23059
1.23072
1.2309
1.23072
1.23052
1.23063
1.23084
1.23054
1.23029
1.23046
1.23042
1.23063
1.23058
1.23064
1.23069
1.23076
1.23074
1.23057
1.23072
1.23039
1.23005
1.23003
1.23007
1.23013
1.23015
1.23013
1.23043
1.23072
1.23095
1.23053
1.23083
1.23134
1.23151
1.23133
1.23161
1.23202
1.23182
1.23231
1.23217
1.23191
1.23201
1.23198
1.2323
1.23229
1.23199
1.23215
1.23142
1.23143
1.23192
1.23167
1.23144
1.23167
1.23161
1.23166
1.23155
1.23173
1.23209
1.232
1.23171
1.23151
1.2317
1.23177
1.23163
1.23172
1.23178
1.23151
1.23159
1.23201
1.23178
1.23141
1.23167
1.23175
1.23159
1.23138
1.2311
1.23062
1.23102
1.23079
1.23114
1.23124
1.23118
1.2312
1.23094
1.23121
1.23141
1.23191
1.23148
1.23143
1.23131
1.23083
1.23108
1.23132
1.23122
1.23133
1.23164
1.23174
1.23208
1.23643
1.23374
1.23543
1.23922
1.23972
1.23899
1.24041
1.23781
1.23538
1.2368
1.23822
1.23802
1.2373
1.23706
1.23761
1.23922
1.23984
1.23894
1.23851
1.23848
1.23934
1.23901
1.23985
1.2408
1.24209
1.24119
1.24309
1.24238
1.2437
1.24337
1.24408
1.24509
1.24454
1.24439
1.24495
1.24429
1.24346
1.24354
1.24339
1.24327
1.24321
1.24281
1.24257
1.24222
1.24185
1.24177
1.24196
1.23779
1.23874
1.23823
1.23725
1.23735
1.23756
1.23755
1.23795
1.23836
1.23776
1.23735
1.23726
1.23708
1.23678
1.23674
1.23715
1.23687
1.23653
1.2369
1.23701
1.23709
1.23653
1.23637
1.23632
1.23633
1.23657
1.23636
1.23654
1.23666
1.23683
1.23744
1.23766
1.23774
1.23794
1.23844
1.23837
1.23829
1.23827
1.23826
1.23835
1.23844
1.23832
1.2385
1.23844
1.23856
1.23863
1.23854
1.23822
1.238
1.23812
1.23812
1.23802
1.23788
1.23803
1.23803
1.23792
1.23801
1.2385
1.23821
1.23811
1.23778
1.23789
1.23796
1.2382
1.23799
1.23794
1.23808
1.23827
1.23838
1.23834
1.23854
1.23915
1.23879
1.23846
1.23876
1.23846
1.23865
1.23867
1.23855
1.23857
1.23931
1.23921
1.23895
1.23869
1.23887
1.23884
1.23904
1.23881
1.23887
1.23884
1.23879
1.2387
1.2387
1.23864
1.23864
1.23847
1.23854
1.23816
1.23812
1.23793
1.23782
1.23764
1.23762
1.23764
1.23764
1.23772
1.23776
1.23777
1.23764
1.23773
1.23795
1.23826
1.23813
1.23826
1.23836
1.23816
1.23822
1.23812
1.2382
1.23823
1.23824
1.23827
1.23824
1.23822
1.23824
1.23796
1.23813
1.23785
1.23751
1.23776
1.23776
1.23794
1.23779
1.23776
1.23768
1.2377
1.23773
1.23787
1.23789
1.2379
1.23784
1.23782
1.23768
1.23766
1.23795
1.23813
1.23803
1.23781
1.23784
1.23775
1.23782
1.23777
1.23775
1.23769
1.23784
1.23755
1.23742
1.23732
1.23741
1.23708
1.23694
1.23696
1.23725
1.23766
1.23786
1.23785
1.23804
1.23778
1.23817
1.23801
1.23817
1.23825
1.23808
1.2374
1.23725
1.23693
1.2372
1.2373
1.23687
1.23676
1.23706
1.23715
1.23715
1.23736
1.23763
1.23779
1.23765
1.23729
1.23695
1.23694
1.23684
1.23666
1.23644
1.23655
1.23666
1.23697
1.23694
1.23674
1.2362
1.23632
1.23655
1.23654
1.23673
1.23666
1.23525
1.23537
1.23575
1.23588
1.23614
1.23556
1.23557
1.23593
1.23518
1.23544
1.23558
1.23541
1.23493
1.2352
1.23513
1.23518
1.23514
1.23499
1.23516
1.23494
1.23483
1.23523
1.23545
1.23544
1.23602
1.23673
1.23659
1.2367
1.23738
1.23702
1.23646
1.23683
1.23626
1.23742
1.23037
1.22906
1.22986
1.22996
1.22969
1.23018
1.23195
1.23144
1.2307
1.23032
1.2305
1.23043
1.22983
1.22936
1.22954
1.22904
1.22834
1.22778
1.22921
1.22996
1.22936
1.22905
1.22862
1.22893
1.22874
1.22869
1.22945
1.22976
1.23051
1.22971
1.22884
1.22934
1.23003
1.23021
1.22957
1.23007
1.23046
1.23047
1.23053
1.23017
1.23052
1.23042
1.22983
1.22972
1.22985
1.22979
1.22998
1.22972
1.2293
1.22982
1.22973
1.22969
1.22969
1.22931
1.22956
1.22962
1.22878
1.22855
1.22863
1.22882
1.22888
1.22846
1.22847
1.22855
1.22854
1.22846
1.22828
1.22833
1.22845
1.22865
1.22871
1.22904
1.22891
1.22938
1.22926
1.22913
1.22913
1.22898
1.22936
1.22937
1.22937
1.22934
1.22958
1.22937
1.22949
1.22936
1.22897
1.22902
1.22905
1.22904
1.22897
1.22894
1.22891
1.22877
1.22874
1.22878
1.22866
1.22864
1.22854
1.2288
1.22874
1.22911
