0.0000
0.5000
0.6667
0.5000
0.4000
0.5000
0.4286
0.5000
0.5556
0.5000
0.5455
0.5833
0.6154
0.6429
0.6667
0.6250
0.6471
0.6667
0.6316
0.6000
0.5714
0.5909
0.5652
0.5833
0.5600
0.5769
0.5926
0.5714
0.5517
0.5667
0.5806
0.5625
0.5455
0.5294
0.5143
0.5000
0.5135
0.5263
0.5385
0.5500
0.5610
0.5714
0.5581
0.5682
0.5556
0.5652
0.5745
0.5625
0.5714
0.5600
0.5490
0.5577
0.5660
0.5556
0.5636
0.5714
0.5614
0.5690
0.5593
0.5500
0.5410
0.5323
0.5397
0.5469
0.5385
0.5303
0.5224
0.5147
0.5217
0.5286
0.5352
0.5417
0.5342
0.5405
0.5467
0.5395
0.5455
0.5513
0.5570
0.5500
0.5432
0.5488
0.5422
0.5476
0.5529
0.5465
0.5517
0.5455
0.5393
0.5444
0.5385
0.5326
0.5269
0.5213
0.5158
0.5104
0.5155
0.5204
0.5152
0.5200
0.5149
0.5196
0.5243
0.5192
0.5238
0.5189
0.5140
0.5185
0.5229
0.5273
0.5225
0.5268
0.5221
0.5263
0.5217
0.5259
0.5214
0.5254
0.5294
0.5333
0.5372
0.5410
0.5447
0.5403
0.5440
0.5397
0.5433
0.5391
0.5349
0.5385
0.5420
0.5455
0.5489
0.5448
0.5481
0.5515
0.5547
0.5507
0.5468
0.5500
0.5532
0.5563
0.5594
0.5556
0.5586
0.5616
0.5578
0.5541
0.5503
0.5467
0.5430
0.5395
0.5425
0.5390
0.5355
0.5385
0.5414
0.5380
0.5346
0.5312
0.5342
0.5370
0.5399
0.5427
0.5394
0.5361
0.5329
0.5357
0.5325
0.5294
0.5322
0.5349
0.5376
0.5402
0.5371
0.5398
0.5367
0.5337
0.5363
0.5333
0.5359
0.5330
0.5355
0.5380
0.5405
0.5430
0.5455
0.5479
0.5450
0.5421
0.5393
0.5417
0.5389
0.5412
0.5436
0.5408
0.5381
0.5354
0.5377
0.5350
0.5373
0.5396
0.5419
0.5392
0.5366
0.5340
0.5362
0.5337
0.5359
0.5333
0.5308
0.5283
0.5258
0.5234
0.5209
0.5231
0.5207
0.5229
0.5251
0.5273
0.5249
0.5270
0.5247
0.5223
0.5244
0.5265
0.5286
0.5263
0.5240
0.5217
0.5238
0.5216
0.5193
0.5214
0.5191
0.5212
0.5190
0.5168
0.5188
0.5208
0.5228
0.5248
0.5226
0.5246
0.5265
0.5244
0.5263
0.5242
0.5221
0.5240
0.5219
0.5238
0.5257
0.5236
0.5216
0.5195
0.5214
0.5194
0.5174
0.5192
0.5211
0.5229
0.5247
0.5227
0.5245
0.5226
0.5206
0.5224
0.5242
0.5259
0.5240
0.5221
0.5201
0.5182
0.5164
0.5181
0.5162
0.5144
0.5125
0.5107
0.5089
0.5071
0.5088
0.5070
0.5053
0.5070
0.5087
0.5104
0.5087
0.5103
0.5086
0.5068
0.5051
0.5034
0.5017
0.5000
0.4983
0.5000
0.5017
0.5033
0.5050
0.5066
0.5083
0.5066
0.5049
0.5065
0.5081
0.5097
0.5113
0.5097
0.5113
0.5096
0.5080
0.5096
0.5111
0.5095
0.5079
0.5063
0.5078
0.5062
0.5047
0.5062
0.5077
0.5062
0.5046
0.5031
0.5015
0.5000
0.5015
0.5030
0.5045
0.5060
0.5045
0.5060
0.5045
0.5060
0.5074
0.5059
0.5044
0.5059
0.5044
0.5029
0.5044
0.5029
0.5014
0.5029
0.5043
0.5057
0.5043
0.5029
0.5014
0.5028
0.5042
0.5056
0.5070
0.5084
0.5098
0.5084
0.5070
0.5056
0.5042
0.5028
0.5014
0.5027
0.5041
0.5055
0.5068
0.5054
0.5068
0.5054
0.5067
0.5054
0.5040
0.5053
0.5040
0.5027
0.5040
0.5053
0.5040
0.5053
0.5066
0.5079
0.5091
0.5078
0.5091
0.5104
0.5090
0.5103
0.5090
0.5103
0.5115
0.5128
0.5140
0.5152
0.5139
0.5126
0.5113
0.5126
0.5138
0.5150
0.5137
0.5124
0.5136
0.5149
0.5160
0.5172
0.5160
0.5172
0.5183
0.5171
0.5182
0.5170
0.5157
0.5145
0.5157
0.5168
0.5180
0.5191
0.5179
0.5190
0.5178
0.5166
0.5154
0.5142
0.5129
0.5117
0.5105
0.5093
0.5082
0.5093
0.5104
0.5093
0.5081
0.5092
0.5080
0.5092
0.5103
0.5114
0.5103
0.5114
0.5125
0.5136
0.5147
0.5158
0.5146
0.5135
0.5123
0.5134
0.5145
0.5156
0.5166
0.5155
0.5143
0.5154
0.5143
0.5154
0.5164
0.5153
0.5163
0.5174
0.5184
0.5195
0.5184
0.5172
0.5161
0.5172
0.5161
0.5171
0.5160
0.5170
0.5180
0.5169
0.5159
0.5148
0.5158
0.5168
0.5157
0.5167
0.5157
0.5146
0.5156
0.5145
0.5155
0.5165
0.5175
0.5185
0.5195
0.5184
0.5194
0.5184
0.5193
0.5183
0.5172
0.5182
0.5192
0.5181
0.5171
0.5161
0.5170
0.5180
0.5190
0.5179
0.5169
0.5179
0.5168
0.5158
0.5168
0.5177
0.5167
0.5176
0.5166
0.5176
0.5185
0.5195
0.5184
0.5194
0.5203
0.5212
0.5222
0.5212
0.5202
0.5192
0.5201
0.5210
0.5200
0.5209
0.5218
0.5227
0.5217
0.5226
0.5235
0.5244
0.5235
0.5243
0.5234
0.5243
0.5233
0.5223
0.5213
0.5204
0.5194
0.5203
0.5212
0.5202
0.5211
0.5220
0.5210
0.5219
0.5209
0.5218
0.5209
0.5217
0.5226
0.5217
0.5225
0.5234
0.5224
0.5215
0.5224
0.5214
0.5223
0.5231
0.5222
0.5213
0.5221
0.5212
0.5220
0.5229
0.5237
0.5228
0.5219
0.5227
0.5236
0.5226
0.5235
0.5243
0.5251
0.5260
0.5250
0.5241
0.5250
0.5258
0.5266
0.5257
0.5248
0.5256
0.5247
0.5255
0.5263
0.5271
0.5279
0.5287
0.5295
0.5303
0.5311
0.5319
0.5327
0.5318
0.5309
0.5317
0.5308
0.5299
0.5290
0.5298
0.5306
0.5314
0.5305
0.5312
0.5304
0.5311
0.5303
0.5310
0.5318
0.5326
0.5333
0.5325
0.5332
0.5324
0.5315
0.5323
0.5314
0.5305
0.5297
0.5304
0.5296
0.5304
0.5295
0.5303
0.5294
0.5286
0.5293
0.5285
0.5292
0.5300
0.5307
0.5299
0.5290
0.5282
0.5274
0.5266
0.5273
0.5265
0.5257
0.5264
0.5271
0.5263
0.5255
0.5262
0.5270
0.5277
0.5269
0.5261
0.5253
0.5245
0.5237
0.5244
0.5236
0.5228
0.5235
0.5227
0.5234
0.5227
0.5234
0.5226
0.5218
0.5225
0.5232
0.5240
0.5232
0.5239
0.5246
0.5253
0.5260
0.5267
0.5259
0.5251
0.5244
0.5236
0.5243
0.5250
0.5242
0.5235
0.5227
0.5234
0.5226
0.5219
0.5226
0.5218
0.5210
0.5217
0.5210
0.5217
0.5209
0.5216
0.5209
0.5201
0.5208
0.5201
0.5193
0.5186
0.5178
0.5171
0.5178
0.5185
0.5191
0.5184
0.5177
0.5169
0.5162
0.5155
0.5148
0.5154
0.5161
0.5154
0.5147
0.5140
0.5146
0.5153
0.5146
0.5153
0.5146
0.5152
0.5145
0.5138
0.5131
0.5124
0.5117
0.5110
0.5117
0.5110
0.5116
0.5109
0.5102
0.5095
0.5088
0.5095
0.5102
0.5108
0.5115
0.5122
0.5115
0.5108
0.5114
0.5121
0.5128
0.5134
0.5141
0.5147
0.5154
0.5147
0.5140
0.5133
0.5126
0.5119
0.5113
0.5106
0.5099
0.5106
0.5112
0.5118
0.5125
0.5131
0.5138
0.5131
0.5137
0.5131
0.5124
0.5117
0.5111
0.5117
0.5123
0.5117
0.5123
0.5116
0.5123
0.5129
0.5122
0.5129
0.5135
0.5141
0.5134
0.5128
0.5121
0.5128
0.5121
0.5115
0.5108
0.5114
0.5108
0.5101
0.5107
0.5101
0.5095
0.5088
0.5094
0.5088
0.5094
0.5100
0.5094
0.5100
0.5106
0.5100
0.5093
0.5087
0.5081
0.5087
0.5081
0.5087
0.5093
0.5099
0.5092
0.5086
0.5080
0.5086
0.5092
0.5098
0.5104
0.5098
0.5092
0.5098
0.5104
0.5097
0.5091
0.5085
0.5091
0.5085
0.5091
0.5097
0.5103
0.5096
0.5102
0.5096
0.5102
0.5096
0.5090
0.5084
0.5078
0.5084
0.5089
0.5095
0.5101
0.5107
0.5113
0.5107
0.5101
0.5095
0.5100
0.5094
0.5088
0.5094
0.5100
0.5094
0.5100
0.5105
0.5099
0.5093
0.5099
0.5105
0.5099
0.5093
0.5087
0.5081
0.5075
0.5081
0.5075
0.5069
0.5075
0.5069
0.5075
0.5069
0.5063
0.5057
0.5063
0.5069
0.5074
0.5080
0.5086
0.5091
0.5097
0.5102
0.5096
0.5091
0.5085
0.5079
0.5073
0.5068
0.5062
0.5068
0.5062
0.5067
0.5073
0.5067
0.5062
0.5067
0.5061
0.5056
0.5061
0.5067
0.5072
0.5078
0.5072
0.5067
0.5061
0.5055
0.5050
0.5055
0.5050
0.5044
0.5050
0.5055
0.5049
0.5055
0.5049
0.5044
0.5049
0.5044
0.5038
0.5044
0.5038
0.5033
0.5027
0.5022
0.5016
0.5011
0.5005
0.5000
0.4995
0.5000
0.4995
0.4989
0.4984
0.4979
0.4973
0.4979
0.4984
0.4979
0.4973
0.4979
0.4973
0.4979
0.4984
0.4989
0.4984
0.4989
0.4995
0.5000
0.5005
0.5011
0.5005
0.5000
0.4995
0.5000
0.4995
0.5000
0.4995
0.4990
0.4995
0.5000
0.4995
0.5000
0.5005
0.5000
0.4995
0.4990
0.4984
0.4979
0.4984
0.4990
0.4985
0.4990
0.4985
0.4990
0.4985
0.4990
0.4985
0.4980
0.4985
0.4990
0.4985
0.4990
0.4995
0.4990
0.4985
0.4990
0.4995
0.5000
0.5005
0.5000
0.4995
0.5000
0.5005
0.5000
0.5005
0.5000
0.4995
0.4990
0.4985
0.4980
0.4975
0.4980
0.4985
0.4990
0.4995
0.4990
0.4995
0.5000
0.4995
0.4990
0.4995
0.4990
0.4985
0.4990
0.4995
0.5000
0.4995
0.4990
0.4985
0.4990
0.4985
0.4990
0.4995
0.5000
0.5005
0.5000
0.4995
0.5000
0.5005
0.5000
0.5005
0.5000
0.5005
0.5010
0.5005
0.5000
0.5005
0.5000
0.4995
0.5000
0.4995
0.5000
0.4995
0.4990
0.4995
0.5000
0.4995
0.4990
0.4986
0.4990
0.4995
0.4990
0.4995
0.4990
0.4986
0.4991
0.4995
0.5000
0.4995
0.4991
0.4986
0.4991
0.4986
0.4991
0.4986
0.4991
0.4995
0.5000
0.5005
0.5000
0.4995
0.4991
0.4986
0.4981
0.4986
0.4981
0.4977
0.4981
0.4986
0.4991
0.4986
0.4991
0.4995
0.5000
0.5005
0.5009
0.5005
0.5009
0.5005
0.5009
0.5014
0.5018
0.5023
0.5018
0.5023
0.5027
0.5023
0.5027
0.5023
0.5018
0.5023
0.5018
0.5014
0.5018
0.5023
0.5018
0.5014
0.5009
0.5014
0.5009
0.5005
0.5009
0.5005
0.5000
0.4996
0.5000
0.4996
0.4991
0.4996
0.4991
0.4987
0.4991
0.4996
0.4991
0.4987
0.4982
0.4978
0.4982
0.4987
0.4991
0.4987
0.4991
0.4996
0.5000
0.4996
0.4991
0.4996
0.5000
0.5004
0.5000
0.4996
0.4991
0.4987
0.4991
0.4987
0.4991
0.4996
0.5000
0.5004
0.5009
0.5004
0.5000
0.4996
0.5000
0.5004
0.5000
0.4996
0.4991
0.4987
0.4991
0.4996
0.4991
0.4987
0.4983
0.4987
0.4991
0.4996
0.4991
0.4996
0.5000
0.4996
0.5000
0.4996
0.4991
0.4996
0.5000
0.4996
0.4991
0.4987
0.4992
0.4987
0.4992
0.4996
0.4992
0.4996
0.5000
0.4996
0.5000
0.5004
0.5008
0.5013
0.5008
0.5004
0.5008
0.5004
0.5000
0.5004
0.5000
0.4996
0.4992
0.4987
0.4992
0.4988
0.4992
0.4988
0.4992
0.4996
0.5000
0.4996
0.5000
0.5004
0.5000
0.4996
0.5000
0.4996
0.5000
0.4996
0.5000
0.5004
0.5000
0.5004
0.5008
0.5004
0.5008
0.5004
0.5000
0.4996
0.4992
0.4996
0.4992
0.4996
0.5000
0.5004
0.5000
0.5004
0.5008
0.5004
0.5008
0.5004
0.5008
0.5012
0.5016
0.5012
0.5016
0.5020
0.5024
0.5020
0.5016
0.5012
0.5008
0.5012
0.5008
0.5004
0.5000
0.5004
0.5008
0.5004
0.5000
0.5004
0.5000
0.4996
0.5000
0.4996
0.4992
0.4996
0.4992
0.4996
0.4992
0.4996
0.4992
0.4988
0.4984
0.4980
0.4976
0.4973
0.4976
0.4973
0.4976
0.4980
0.4984
0.4980
0.4984
0.4980
0.4977
0.4973
0.4969
0.4973
0.4977
0.4981
0.4977
0.4981
0.4984
0.4981
0.4977
0.4973
0.4969
