1.0000
0.5000
0.3333
0.5000
0.6000
0.5000
0.5714
0.5000
0.4444
0.4000
0.3636
0.4167
0.3846
0.4286
0.4000
0.4375
0.4118
0.3889
0.4211
0.4500
0.4762
0.4545
0.4783
0.4583
0.4800
0.5000
0.5185
0.5357
0.5517
0.5667
0.5484
0.5625
0.5455
0.5588
0.5429
0.5278
0.5405
0.5263
0.5385
0.5250
0.5366
0.5238
0.5116
0.5000
0.5111
0.5000
0.5106
0.5000
0.4898
0.5000
0.5098
0.5000
0.5094
0.5000
0.5091
0.5179
0.5088
0.5172
0.5254
0.5167
0.5082
0.5000
0.5079
0.5000
0.4923
0.5000
0.4925
0.4853
0.4928
0.5000
0.5070
0.5000
0.5068
0.5000
0.5067
0.5000
0.5065
0.5128
0.5063
0.5125
0.5062
0.5000
0.4940
0.5000
0.5059
0.5116
0.5057
0.5114
0.5169
0.5222
0.5275
0.5326
0.5269
0.5319
0.5368
0.5312
0.5258
0.5204
0.5253
0.5200
0.5248
0.5196
0.5146
0.5096
0.5143
0.5189
0.5234
0.5185
0.5229
0.5273
0.5315
0.5357
0.5398
0.5351
0.5304
0.5259
0.5214
0.5254
0.5210
0.5167
0.5207
0.5164
0.5122
0.5081
0.5040
0.5000
0.5039
0.5078
0.5116
0.5077
0.5115
0.5152
0.5113
0.5075
0.5111
0.5147
0.5109
0.5145
0.5108
0.5071
0.5106
0.5141
0.5175
0.5139
0.5103
0.5068
0.5102
0.5135
0.5101
0.5067
0.5099
0.5132
0.5163
0.5130
0.5097
0.5064
0.5032
0.5063
0.5031
0.5062
0.5031
0.5062
0.5092
0.5122
0.5152
0.5181
0.5150
0.5179
0.5207
0.5176
0.5146
0.5116
0.5087
0.5057
0.5029
0.5000
0.4972
0.4944
0.4972
0.5000
0.4972
0.5000
0.5027
0.5000
0.4973
0.5000
0.4973
0.4947
0.4974
0.5000
0.4974
0.4948
0.4974
0.4948
0.4974
0.5000
0.4975
0.5000
0.5025
0.5050
0.5075
0.5050
0.5025
0.5000
0.5024
0.5000
0.4976
0.5000
0.4976
0.4952
0.4929
0.4906
0.4883
0.4907
0.4884
0.4861
0.4839
0.4862
0.4840
0.4864
0.4887
0.4865
0.4888
0.4866
0.4844
0.4867
0.4846
0.4825
0.4803
0.4826
0.4805
0.4784
0.4764
0.4786
0.4766
0.4788
0.4810
0.4790
0.4812
0.4792
0.4772
0.4793
0.4815
0.4836
0.4857
0.4837
0.4818
0.4839
0.4819
0.4800
0.4821
0.4802
0.4783
0.4803
0.4824
0.4844
0.4825
0.4806
0.4826
0.4846
0.4866
0.4847
0.4867
0.4886
0.4868
0.4887
0.4906
0.4925
0.4944
0.4963
0.4945
0.4963
0.4982
0.4964
0.4945
0.4964
0.4982
0.5000
0.5018
0.5036
0.5018
0.5000
0.4982
0.5000
0.4982
0.5000
0.5017
0.5000
0.4983
0.4966
0.4948
0.4932
0.4915
0.4932
0.4949
0.4932
0.4949
0.4933
0.4916
0.4900
0.4884
0.4868
0.4884
0.4868
0.4852
0.4869
0.4853
0.4870
0.4854
0.4839
0.4855
0.4872
0.4888
0.4904
0.4889
0.4905
0.4890
0.4906
0.4922
0.4906
0.4922
0.4938
0.4954
0.4938
0.4923
0.4939
0.4954
0.4970
0.4954
0.4939
0.4955
0.4940
0.4925
0.4910
0.4925
0.4940
0.4955
0.4970
0.4956
0.4941
0.4927
0.4912
0.4898
0.4913
0.4899
0.4913
0.4928
0.4943
0.4957
0.4943
0.4929
0.4943
0.4929
0.4915
0.4930
0.4916
0.4930
0.4916
0.4903
0.4889
0.4903
0.4917
0.4904
0.4890
0.4877
0.4891
0.4877
0.4891
0.4878
0.4865
0.4879
0.4892
0.4879
0.4893
0.4880
0.4894
0.4881
0.4894
0.4881
0.4868
0.4856
0.4843
0.4830
0.4818
0.4831
0.4845
0.4832
0.4820
0.4833
0.4846
0.4859
0.4847
0.4835
0.4848
0.4861
0.4848
0.4861
0.4849
0.4862
0.4850
0.4838
0.4851
0.4839
0.4851
0.4864
0.4877
0.4889
0.4877
0.4866
0.4878
0.4866
0.4879
0.4867
0.4879
0.4892
0.4904
0.4892
0.4880
0.4893
0.4905
0.4917
0.4905
0.4917
0.4906
0.4894
0.4906
0.4918
0.4907
0.4895
0.4907
0.4896
0.4884
0.4873
0.4885
0.4874
0.4862
0.4851
0.4840
0.4829
0.4841
0.4830
0.4842
0.4831
0.4820
0.4831
0.4821
0.4810
0.4821
0.4811
0.4800
0.4812
0.4801
0.4812
0.4824
0.4813
0.4803
0.4814
0.4825
0.4815
0.4804
0.4816
0.4805
0.4816
0.4806
0.4817
0.4828
0.4839
0.4829
0.4819
0.4830
0.4820
0.4831
0.4820
0.4831
0.4821
0.4811
0.4801
0.4812
0.4823
0.4833
0.4844
0.4855
0.4845
0.4835
0.4845
0.4835
0.4846
0.4836
0.4826
0.4816
0.4807
0.4817
0.4807
0.4818
0.4828
0.4819
0.4809
0.4799
0.4790
0.4780
0.4770
0.4761
0.4751
0.4762
0.4752
0.4743
0.4734
0.4724
0.4715
0.4725
0.4736
0.4746
0.4737
0.4728
0.4718
0.4709
0.4700
0.4691
0.4701
0.4692
0.4683
0.4674
0.4685
0.4676
0.4667
0.4677
0.4687
0.4678
0.4688
0.4679
0.4670
0.4680
0.4690
0.4682
0.4692
0.4683
0.4693
0.4684
0.4675
0.4667
0.4677
0.4668
0.4678
0.4688
0.4697
0.4707
0.4698
0.4708
0.4718
0.4709
0.4719
0.4728
0.4720
0.4711
0.4703
0.4694
0.4686
0.4695
0.4705
0.4696
0.4706
0.4698
0.4689
0.4699
0.4708
0.4700
0.4691
0.4683
0.4675
0.4667
0.4658
0.4650
0.4642
0.4652
0.4643
0.4635
0.4627
0.4637
0.4646
0.4655
0.4664
0.4674
0.4683
0.4692
0.4701
0.4710
0.4719
0.4711
0.4720
0.4729
0.4738
0.4730
0.4722
0.4714
0.4706
0.4698
0.4707
0.4699
0.4691
0.4700
0.4692
0.4701
0.4693
0.4702
0.4711
0.4703
0.4712
0.4704
0.4696
0.4705
0.4697
0.4690
0.4682
0.4674
0.4683
0.4675
0.4684
0.4693
0.4685
0.4694
0.4702
0.4711
0.4719
0.4728
0.4736
0.4728
0.4737
0.4729
0.4738
0.4730
0.4739
0.4747
0.4739
0.4748
0.4740
0.4748
0.4741
0.4734
0.4742
0.4750
0.4743
0.4735
0.4743
0.4752
0.4744
0.4737
0.4745
0.4753
0.4761
0.4769
0.4777
0.4770
0.4763
0.4771
0.4763
0.4756
0.4764
0.4772
0.4780
0.4773
0.4766
0.4758
0.4751
0.4759
0.4752
0.4760
0.4753
0.4760
0.4753
0.4746
0.4754
0.4747
0.4755
0.4763
0.4756
0.4763
0.4771
0.4764
0.4757
0.4750
0.4758
0.4751
0.4758
0.4751
0.4759
0.4752
0.4760
0.4753
0.4761
0.4754
0.4747
0.4754
0.4747
0.4741
0.4748
0.4756
0.4763
0.4756
0.4764
0.4757
0.4765
0.4772
0.4780
0.4773
0.4766
0.4773
0.4767
0.4760
0.4753
0.4746
0.4740
0.4733
0.4741
0.4748
0.4755
0.4749
0.4742
0.4735
0.4743
0.4750
0.4757
0.4751
0.4758
0.4751
0.4745
0.4738
0.4746
0.4739
0.4733
0.4726
0.4733
0.4740
0.4734
0.4728
0.4721
0.4728
0.4722
0.4715
0.4723
0.4730
0.4737
0.4730
0.4738
0.4731
0.4725
0.4718
0.4712
0.4706
0.4700
0.4693
0.4687
0.4681
0.4675
0.4682
0.4689
0.4696
0.4690
0.4697
0.4690
0.4697
0.4704
0.4698
0.4705
0.4712
0.4719
0.4726
0.4720
0.4727
0.4733
0.4727
0.4734
0.4728
0.4722
0.4716
0.4710
0.4716
0.4723
0.4730
0.4724
0.4731
0.4725
0.4731
0.4725
0.4732
0.4726
0.4720
0.4727
0.4721
0.4728
0.4722
0.4728
0.4735
0.4741
0.4736
0.4742
0.4749
0.4755
0.4749
0.4756
0.4763
0.4757
0.4763
0.4757
0.4764
0.4770
0.4764
0.4771
0.4777
0.4784
0.4790
0.4784
0.4778
0.4772
0.4779
0.4773
0.4779
0.4786
0.4792
0.4799
0.4793
0.4787
0.4781
0.4787
0.4794
0.4788
0.4782
0.4776
0.4771
0.4765
0.4759
0.4753
0.4748
0.4742
0.4748
0.4743
0.4749
0.4755
0.4749
0.4756
0.4750
0.4756
0.4751
0.4745
0.4739
0.4734
0.4740
0.4734
0.4729
0.4735
0.4741
0.4736
0.4742
0.4736
0.4731
0.4737
0.4743
0.4749
0.4755
0.4750
0.4744
0.4739
0.4733
0.4739
0.4734
0.4728
0.4734
0.4729
0.4724
0.4718
0.4724
0.4719
0.4725
0.4719
0.4725
0.4720
0.4715
0.4709
0.4704
0.4710
0.4716
0.4711
0.4705
0.4711
0.4717
0.4723
0.4718
0.4713
0.4707
0.4702
0.4697
0.4703
0.4697
0.4703
0.4709
0.4704
0.4710
0.4705
0.4699
0.4705
0.4700
0.4695
0.4701
0.4695
0.4701
0.4707
0.4713
0.4708
0.4714
0.4719
0.4714
0.4709
0.4704
0.4699
0.4705
0.4699
0.4694
0.4689
0.4684
0.4690
0.4696
0.4691
0.4696
0.4702
0.4708
0.4703
0.4708
0.4703
0.4698
0.4704
0.4710
0.4715
0.4721
0.4716
0.4722
0.4727
0.4733
0.4728
0.4723
0.4718
0.4723
0.4718
0.4724
0.4719
0.4725
0.4730
0.4725
0.4720
0.4726
0.4721
0.4726
0.4732
0.4727
0.4722
0.4727
0.4733
0.4738
0.4734
0.4739
0.4734
0.4729
0.4724
0.4719
0.4725
0.4730
0.4736
0.4731
0.4726
0.4731
0.4727
0.4722
0.4727
0.4733
0.4738
0.4743
0.4749
0.4754
0.4759
0.4755
0.4750
0.4745
0.4740
0.4745
0.4741
0.4746
0.4741
0.4736
0.4742
0.4737
0.4742
0.4737
0.4743
0.4748
0.4753
0.4748
0.4744
0.4749
0.4744
0.4749
0.4745
0.4740
0.4745
0.4750
0.4746
0.4751
0.4746
0.4742
0.4737
0.4742
0.4747
0.4752
0.4758
0.4763
0.4768
0.4763
0.4768
0.4774
0.4779
0.4774
0.4769
0.4765
0.4760
0.4755
0.4751
0.4756
0.4751
0.4756
0.4752
0.4747
0.4742
0.4748
0.4753
0.4748
0.4743
0.4749
0.4744
0.4749
0.4744
0.4750
0.4755
0.4750
0.4755
0.4760
0.4756
0.4761
0.4756
0.4761
0.4766
0.4761
0.4757
0.4752
0.4748
0.4753
0.4748
0.4744
0.4749
0.4754
0.4749
0.4745
0.4750
0.4745
0.4750
0.4755
0.4751
0.4746
0.4751
0.4747
0.4742
0.4738
0.4743
0.4748
0.4753
0.4757
0.4762
0.4767
0.4763
0.4768
0.4773
0.4777
0.4782
0.4787
0.4792
0.4787
0.4792
0.4788
0.4793
0.4788
0.4784
0.4779
0.4784
0.4789
0.4785
0.4780
0.4785
0.4781
0.4776
0.4781
0.4777
0.4781
0.4786
0.4782
0.4777
0.4782
0.4778
0.4774
0.4769
0.4765
0.4770
0.4765
0.4761
0.4757
0.4752
0.4757
0.4762
0.4758
0.4762
0.4767
0.4772
0.4776
0.4772
0.4777
0.4781
0.4786
0.4782
0.4786
0.4782
0.4787
0.4783
0.4778
0.4774
0.4770
0.4775
0.4779
0.4775
0.4771
0.4775
0.4780
0.4776
0.4772
0.4776
0.4772
0.4768
0.4772
0.4777
0.4773
0.4769
0.4773
0.4769
0.4765
0.4761
0.4765
0.4770
0.4774
0.4779
0.4783
0.4779
0.4784
0.4780
0.4784
0.4780
0.4776
0.4772
0.4768
0.4772
0.4777
0.4773
0.4777
0.4781
0.4786
0.4790
0.4795
0.4799
0.4795
0.4800
0.4804
0.4800
0.4804
0.4809
0.4805
0.4809
0.4805
0.4801
0.4797
0.4801
0.4797
0.4802
0.4806
0.4810
0.4806
0.4802
0.4807
0.4803
0.4799
0.4803
0.4799
0.4803
0.4808
0.4804
0.4800
0.4796
0.4800
0.4804
0.4800
0.4805
0.4801
0.4805
0.4801
0.4797
0.4801
0.4806
0.4802
0.4806
0.4802
0.4806
0.4802
0.4798
0.4803
0.4799
0.4803
0.4799
0.4803
0.4799
0.4795
0.4800
0.4796
0.4800
0.4804
0.4800
0.4796
0.4801
0.4805
0.4801
0.4797
0.4793
0.4797
0.4794
0.4798
0.4802
0.4806
0.4810
0.4806
0.4803
0.4807
0.4803
0.4807
0.4811
0.4807
0.4812
0.4808
0.4812
0.4816
0.4812
0.4808
0.4812
0.4817
0.4821
0.4817
0.4813
0.4809
0.4813
0.4817
0.4814
0.4810
0.4806
0.4802
0.4806
0.4803
0.4799
0.4803
0.4807
0.4811
0.4807
0.4811
0.4808
0.4804
0.4800
0.4804
0.4808
0.4812
0.4808
0.4813
0.4809
0.4813
0.4809
0.4805
