0.0000
0.0000
0.0000
0.0000
0.2000
0.1667
0.2857
0.3750
0.4444
0.4000
0.3636
0.3333
0.3077
0.3571
0.4000
0.4375
0.4706
0.5000
0.5263
0.5000
0.4762
0.4545
0.4348
0.4583
0.4400
0.4615
0.4815
0.4643
0.4483
0.4667
0.4839
0.5000
0.4848
0.5000
0.4857
0.4722
0.4595
0.4474
0.4615
0.4500
0.4390
0.4524
0.4651
0.4773
0.4667
0.4565
0.4681
0.4792
0.4898
0.4800
0.4902
0.5000
0.5094
0.5000
0.5091
0.5179
0.5088
0.5000
0.5085
0.5000
0.5082
0.5000
0.4921
0.5000
0.5077
0.5152
0.5075
0.5147
0.5072
0.5143
0.5070
0.5139
0.5205
0.5135
0.5200
0.5132
0.5065
0.5000
0.5063
0.5125
0.5185
0.5122
0.5181
0.5119
0.5176
0.5116
0.5057
0.5114
0.5056
0.5111
0.5165
0.5109
0.5161
0.5213
0.5263
0.5208
0.5258
0.5204
0.5253
0.5200
0.5248
0.5196
0.5243
0.5288
0.5333
0.5283
0.5234
0.5278
0.5321
0.5364
0.5405
0.5357
0.5310
0.5263
0.5217
0.5259
0.5299
0.5254
0.5294
0.5250
0.5289
0.5328
0.5285
0.5323
0.5360
0.5397
0.5354
0.5312
0.5349
0.5385
0.5420
0.5379
0.5414
0.5448
0.5407
0.5441
0.5474
0.5435
0.5468
0.5500
0.5461
0.5423
0.5385
0.5347
0.5379
0.5411
0.5442
0.5473
0.5503
0.5533
0.5563
0.5526
0.5556
0.5519
0.5484
0.5449
0.5414
0.5443
0.5472
0.5500
0.5528
0.5556
0.5583
0.5549
0.5515
0.5542
0.5569
0.5536
0.5562
0.5529
0.5556
0.5523
0.5491
0.5517
0.5543
0.5568
0.5537
0.5562
0.5531
0.5500
0.5470
0.5440
0.5464
0.5489
0.5514
0.5538
0.5561
0.5532
0.5556
0.5526
0.5550
0.5521
0.5492
0.5464
0.5436
0.5408
0.5431
0.5455
0.5427
0.5400
0.5423
0.5446
0.5468
0.5490
0.5512
0.5485
0.5459
0.5481
0.5502
0.5524
0.5498
0.5519
0.5493
0.5514
0.5488
0.5463
0.5484
0.5459
0.5479
0.5500
0.5520
0.5495
0.5471
0.5446
0.5422
0.5442
0.5463
0.5439
0.5415
0.5391
0.5368
0.5388
0.5365
0.5385
0.5404
0.5424
0.5401
0.5378
0.5356
0.5375
0.5353
0.5372
0.5391
0.5410
0.5429
0.5407
0.5385
0.5403
0.5422
0.5400
0.5418
0.5437
0.5455
0.5433
0.5412
0.5430
0.5409
0.5388
0.5367
0.5346
0.5326
0.5344
0.5323
0.5303
0.5283
0.5301
0.5281
0.5299
0.5279
0.5259
0.5277
0.5294
0.5311
0.5292
0.5309
0.5326
0.5343
0.5324
0.5305
0.5286
0.5267
0.5248
0.5230
0.5246
0.5228
0.5210
0.5192
0.5208
0.5190
0.5207
0.5189
0.5205
0.5222
0.5204
0.5186
0.5169
0.5185
0.5168
0.5151
0.5133
0.5116
0.5132
0.5116
0.5132
0.5115
0.5098
0.5081
0.5065
0.5049
0.5065
0.5080
0.5064
0.5048
0.5032
0.5048
0.5032
0.5047
0.5063
0.5047
0.5031
0.5016
0.5000
0.4985
0.5000
0.5015
0.5031
0.5015
0.5000
0.4985
0.4970
0.4985
0.5000
0.4985
0.4970
0.4985
0.4970
0.4955
0.4941
0.4926
0.4941
0.4956
0.4971
0.4985
0.5000
0.5014
0.5029
0.5043
0.5029
0.5043
0.5057
0.5071
0.5085
0.5099
0.5113
0.5127
0.5140
0.5126
0.5140
0.5153
0.5167
0.5180
0.5193
0.5179
0.5165
0.5178
0.5164
0.5177
0.5190
0.5203
0.5189
0.5175
0.5188
0.5201
0.5187
0.5173
0.5160
0.5146
0.5132
0.5145
0.5132
0.5144
0.5131
0.5144
0.5156
0.5143
0.5155
0.5142
0.5129
0.5116
0.5128
0.5115
0.5128
0.5140
0.5152
0.5139
0.5126
0.5113
0.5126
0.5113
0.5125
0.5137
0.5124
0.5136
0.5124
0.5136
0.5148
0.5135
0.5123
0.5134
0.5146
0.5134
0.5121
0.5109
0.5097
0.5084
0.5072
0.5084
0.5096
0.5084
0.5095
0.5107
0.5118
0.5130
0.5142
0.5153
0.5141
0.5129
0.5117
0.5128
0.5116
0.5104
0.5093
0.5081
0.5069
0.5080
0.5069
0.5057
0.5068
0.5080
0.5068
0.5079
0.5068
0.5056
0.5045
0.5056
0.5067
0.5056
0.5067
0.5056
0.5067
0.5078
0.5088
0.5077
0.5066
0.5055
0.5044
0.5033
0.5044
0.5033
0.5043
0.5033
0.5043
0.5054
0.5065
0.5054
0.5064
0.5054
0.5043
0.5053
0.5064
0.5074
0.5064
0.5053
0.5042
0.5032
0.5042
0.5031
0.5021
0.5031
0.5021
0.5010
0.5021
0.5031
0.5021
0.5031
0.5021
0.5010
0.5000
0.5010
0.5020
0.5010
0.5020
0.5010
0.5020
0.5010
0.5020
0.5010
0.5020
0.5010
0.5020
0.5030
0.5040
0.5050
0.5060
0.5069
0.5079
0.5069
0.5079
0.5069
0.5059
0.5049
0.5039
0.5029
0.5039
0.5049
0.5039
0.5048
0.5039
0.5029
0.5038
0.5029
0.5019
0.5029
0.5038
0.5048
0.5038
0.5047
0.5057
0.5047
0.5057
0.5047
0.5038
0.5028
0.5037
0.5028
0.5019
0.5009
0.5019
0.5009
0.5000
0.4991
0.5000
0.4991
0.4982
0.4972
0.4982
0.4973
0.4982
0.4991
0.4982
0.4991
0.4982
0.4991
0.4982
0.4991
0.5000
0.4991
0.4982
0.4973
0.4964
0.4955
0.4947
0.4938
0.4929
0.4938
0.4947
0.4938
0.4930
0.4938
0.4947
0.4939
0.4930
0.4939
0.4948
0.4939
0.4948
0.4939
0.4931
0.4940
0.4948
0.4940
0.4948
0.4957
0.4966
0.4957
0.4966
0.4974
0.4966
0.4975
0.4983
0.4975
0.4983
0.4975
0.4983
0.4992
0.4983
0.4975
0.4967
0.4958
0.4950
0.4958
0.4950
0.4959
0.4950
0.4942
0.4934
0.4926
0.4918
0.4910
0.4918
0.4910
0.4902
0.4910
0.4919
0.4911
0.4903
0.4911
0.4903
0.4895
0.4903
0.4895
0.4904
0.4896
0.4888
0.4896
0.4888
0.4880
0.4889
0.4897
0.4905
0.4913
0.4921
0.4929
0.4937
0.4945
0.4937
0.4945
0.4937
0.4945
0.4938
0.4930
0.4938
0.4946
0.4938
0.4930
0.4938
0.4930
0.4938
0.4931
0.4923
0.4916
0.4908
0.4900
0.4908
0.4901
0.4909
0.4901
0.4909
0.4901
0.4909
0.4902
0.4909
0.4917
0.4910
0.4902
0.4910
0.4918
0.4910
0.4918
0.4925
0.4918
0.4926
0.4918
0.4926
0.4933
0.4941
0.4948
0.4956
0.4963
0.4956
0.4963
0.4971
0.4978
0.4971
0.4978
0.4971
0.4978
0.4985
0.4993
0.4986
0.4978
0.4971
0.4978
0.4986
0.4993
0.5000
0.5007
0.5000
0.5007
0.5000
0.4993
0.5000
0.5007
0.5000
0.4993
0.5000
0.4993
0.5000
0.5007
0.5014
0.5007
0.5000
0.4993
0.5000
0.4993
0.5000
0.5007
0.5000
0.5007
0.5000
0.5007
0.5000
0.5007
0.5000
0.4993
0.5000
0.5007
0.5000
0.5007
0.5000
0.4993
0.4986
0.4993
0.5000
0.4993
0.5000
0.4993
0.5000
0.5007
0.5014
0.5020
0.5027
0.5020
0.5013
0.5007
0.5013
0.5020
0.5027
0.5033
0.5027
0.5020
0.5013
0.5020
0.5013
0.5020
0.5013
0.5020
0.5013
0.5007
0.5000
0.4993
0.4987
0.4980
0.4974
0.4967
0.4961
0.4967
0.4961
0.4954
0.4948
0.4955
0.4948
0.4955
0.4961
0.4968
0.4961
0.4955
0.4961
0.4955
0.4949
0.4955
0.4962
0.4955
0.4949
0.4943
0.4936
0.4943
0.4937
0.4930
0.4924
0.4918
0.4912
0.4905
0.4899
0.4906
0.4899
0.4893
0.4900
0.4894
0.4900
0.4906
0.4913
0.4907
0.4913
0.4907
0.4901
0.4907
0.4913
0.4920
0.4926
0.4932
0.4938
0.4945
0.4951
0.4957
0.4951
0.4957
0.4951
0.4945
0.4951
0.4957
0.4964
0.4957
0.4964
0.4958
0.4952
0.4946
0.4952
0.4958
0.4952
0.4946
0.4940
0.4946
0.4952
0.4946
0.4952
0.4958
0.4952
0.4946
0.4940
0.4935
0.4941
0.4947
0.4941
0.4947
0.4941
0.4935
0.4929
0.4923
0.4918
0.4912
0.4906
0.4912
0.4906
0.4912
0.4918
0.4924
0.4930
0.4924
0.4919
0.4925
0.4930
0.4925
0.4919
0.4913
0.4919
0.4925
0.4931
0.4937
0.4943
0.4948
0.4943
0.4948
0.4943
0.4949
0.4943
0.4949
0.4943
0.4949
0.4955
0.4960
0.4955
0.4949
0.4943
0.4949
0.4955
0.4949
0.4944
0.4938
0.4933
0.4927
0.4922
0.4916
0.4911
0.4905
0.4911
0.4905
0.4911
0.4917
0.4911
0.4906
0.4900
0.4895
0.4889
0.4895
0.4901
0.4895
0.4890
0.4884
0.4879
0.4874
0.4879
0.4885
0.4880
0.4874
0.4880
0.4885
0.4891
0.4897
0.4902
0.4897
0.4902
0.4908
0.4903
0.4897
0.4903
0.4898
0.4892
0.4887
0.4882
0.4876
0.4871
0.4866
0.4872
0.4866
0.4861
0.4856
0.4851
0.4856
0.4862
0.4867
0.4862
0.4867
0.4862
0.4868
0.4863
0.4868
0.4863
0.4868
0.4874
0.4879
0.4874
0.4879
0.4874
0.4880
0.4874
0.4880
0.4885
0.4880
0.4875
0.4880
0.4886
0.4891
0.4886
0.4891
0.4886
0.4891
0.4897
0.4892
0.4897
0.4902
0.4897
0.4892
0.4887
0.4892
0.4898
0.4893
0.4898
0.4893
0.4888
0.4893
0.4888
0.4883
0.4888
0.4893
0.4888
0.4883
0.4889
0.4894
0.4889
0.4884
0.4879
0.4874
0.4879
0.4874
0.4880
0.4875
0.4870
0.4865
0.4860
0.4865
0.4860
0.4865
0.4861
0.4866
0.4871
0.4866
0.4871
0.4876
0.4871
0.4876
0.4881
0.4886
0.4892
0.4887
0.4892
0.4897
0.4892
0.4887
0.4892
0.4887
0.4883
0.4888
0.4883
0.4878
0.4873
0.4878
0.4874
0.4879
0.4883
0.4879
0.4884
0.4879
0.4874
0.4879
0.4875
0.4879
0.4884
0.4889
0.4894
0.4899
0.4904
0.4899
0.4895
0.4890
0.4885
0.4881
0.4876
0.4871
0.4876
0.4881
0.4886
0.4881
0.4877
0.4872
0.4877
0.4872
0.4877
0.4873
0.4877
0.4873
0.4868
0.4864
0.4859
0.4864
0.4859
0.4864
0.4869
0.4874
0.4869
0.4865
0.4860
0.4865
0.4860
0.4856
0.4861
0.4856
0.4861
0.4856
0.4852
0.4847
0.4852
0.4848
0.4852
0.4848
0.4853
0.4848
0.4844
0.4848
0.4853
0.4849
0.4844
0.4849
0.4854
0.4858
0.4863
0.4859
0.4854
0.4850
0.4855
0.4850
0.4855
0.4850
0.4855
0.4851
0.4846
0.4842
0.4838
0.4833
0.4829
0.4824
0.4829
0.4825
0.4820
0.4825
0.4830
0.4834
0.4830
0.4826
0.4821
0.4826
0.4831
0.4826
0.4831
0.4827
0.4822
0.4827
0.4832
0.4836
0.4841
0.4836
0.4832
0.4828
0.4824
0.4819
0.4824
0.4820
0.4815
0.4811
0.4816
0.4820
0.4825
0.4821
0.4825
0.4821
0.4817
0.4813
0.4808
0.4813
0.4817
0.4822
0.4818
0.4814
0.4809
0.4805
0.4810
0.4814
0.4819
0.4814
0.4810
0.4815
0.4819
0.4815
0.4820
0.4824
0.4820
0.4824
0.4829
0.4833
0.4838
0.4842
0.4846
0.4851
0.4847
0.4843
0.4838
0.4843
0.4839
0.4843
0.4847
0.4852
0.4848
0.4852
0.4856
0.4852
0.4857
0.4853
0.4857
0.4853
0.4857
0.4861
0.4857
0.4853
0.4858
0.4854
0.4849
0.4845
0.4841
0.4846
0.4842
0.4838
0.4834
0.4838
0.4834
0.4830
0.4826
0.4822
0.4818
0.4822
0.4818
0.4814
0.4810
0.4806
0.4811
0.4815
0.4811
0.4807
0.4811
0.4815
0.4820
0.4824
0.4828
0.4832
0.4837
0.4841
0.4837
0.4833
0.4837
0.4833
0.4837
0.4842
0.4846
0.4842
0.4846
0.4842
0.4838
0.4834
0.4830
0.4826
0.4823
0.4819
0.4815
0.4811
0.4815
0.4811
0.4815
0.4820
0.4816
0.4820
0.4816
0.4820
0.4824
0.4828
0.4825
0.4829
0.4825
0.4829
0.4825
0.4829
0.4825
0.4830
0.4834
0.4830
0.4826
0.4822
0.4818
0.4815
0.4811
0.4815
0.4819
0.4815
0.4811
0.4808
0.4812
0.4808
0.4804
0.4800
0.4797
0.4793
0.4797
0.4793
0.4797
0.4793
0.4790
0.4786
0.4782
0.4786
0.4783
0.4779
0.4783
0.4779
0.4783
0.4780
0.4776
