1.0000
1.0000
0.6667
0.5000
0.6000
0.6667
0.5714
0.6250
0.6667
0.7000
0.7273
0.7500
0.6923
0.6429
0.6000
0.6250
0.6471
0.6111
0.6316
0.6000
0.5714
0.5455
0.5652
0.5833
0.5600
0.5385
0.5556
0.5357
0.5172
0.5000
0.4839
0.5000
0.5152
0.5000
0.4857
0.4722
0.4595
0.4474
0.4359
0.4250
0.4390
0.4524
0.4419
0.4318
0.4444
0.4565
0.4468
0.4583
0.4490
0.4600
0.4706
0.4615
0.4717
0.4630
0.4727
0.4643
0.4561
0.4483
0.4576
0.4667
0.4754
0.4677
0.4762
0.4688
0.4615
0.4697
0.4627
0.4559
0.4638
0.4571
0.4648
0.4583
0.4521
0.4595
0.4533
0.4474
0.4545
0.4487
0.4430
0.4375
0.4321
0.4390
0.4458
0.4405
0.4353
0.4419
0.4483
0.4545
0.4494
0.4444
0.4505
0.4457
0.4516
0.4574
0.4526
0.4479
0.4536
0.4592
0.4646
0.4700
0.4653
0.4608
0.4660
0.4712
0.4762
0.4717
0.4673
0.4722
0.4771
0.4727
0.4685
0.4732
0.4690
0.4649
0.4609
0.4569
0.4615
0.4576
0.4538
0.4500
0.4463
0.4426
0.4390
0.4435
0.4400
0.4444
0.4409
0.4375
0.4419
0.4385
0.4351
0.4394
0.4361
0.4403
0.4370
0.4412
0.4453
0.4420
0.4388
0.4429
0.4468
0.4507
0.4476
0.4514
0.4552
0.4589
0.4558
0.4527
0.4564
0.4533
0.4503
0.4539
0.4575
0.4545
0.4516
0.4551
0.4586
0.4620
0.4591
0.4625
0.4658
0.4630
0.4601
0.4634
0.4606
0.4639
0.4671
0.4702
0.4675
0.4647
0.4678
0.4709
0.4740
0.4770
0.4800
0.4830
0.4802
0.4775
0.4749
0.4778
0.4807
0.4780
0.4809
0.4783
0.4811
0.4785
0.4813
0.4787
0.4762
0.4737
0.4764
0.4792
0.4819
0.4794
0.4821
0.4847
0.4822
0.4848
0.4874
0.4900
0.4876
0.4901
0.4926
0.4902
0.4878
0.4903
0.4879
0.4856
0.4880
0.4905
0.4929
0.4906
0.4930
0.4907
0.4884
0.4907
0.4885
0.4862
0.4886
0.4864
0.4887
0.4865
0.4888
0.4911
0.4889
0.4912
0.4890
0.4868
0.4891
0.4913
0.4935
0.4914
0.4893
0.4915
0.4894
0.4873
0.4852
0.4874
0.4854
0.4833
0.4855
0.4835
0.4856
0.4836
0.4857
0.4878
0.4899
0.4879
0.4859
0.4880
0.4861
0.4841
0.4822
0.4843
0.4863
0.4844
0.4864
0.4884
0.4865
0.4885
0.4904
0.4885
0.4905
0.4924
0.4943
0.4962
0.4944
0.4963
0.4981
0.5000
0.5018
0.5000
0.4982
0.5000
0.4982
0.5000
0.5018
0.5036
0.5018
0.5000
0.5018
0.5035
0.5053
0.5035
0.5053
0.5070
0.5087
0.5104
0.5121
0.5138
0.5120
0.5137
0.5119
0.5102
0.5119
0.5101
0.5118
0.5101
0.5117
0.5100
0.5116
0.5099
0.5116
0.5132
0.5115
0.5131
0.5147
0.5130
0.5146
0.5129
0.5145
0.5128
0.5112
0.5127
0.5111
0.5095
0.5110
0.5126
0.5110
0.5125
0.5140
0.5155
0.5170
0.5185
0.5169
0.5184
0.5168
0.5152
0.5137
0.5152
0.5136
0.5120
0.5105
0.5120
0.5104
0.5089
0.5074
0.5059
0.5074
0.5059
0.5044
0.5058
0.5044
0.5058
0.5072
0.5087
0.5101
0.5115
0.5100
0.5086
0.5100
0.5085
0.5099
0.5113
0.5099
0.5112
0.5126
0.5140
0.5153
0.5139
0.5152
0.5166
0.5152
0.5165
0.5178
0.5164
0.5177
0.5163
0.5176
0.5162
0.5148
0.5134
0.5147
0.5134
0.5147
0.5160
0.5172
0.5185
0.5172
0.5184
0.5197
0.5209
0.5196
0.5182
0.5169
0.5155
0.5168
0.5180
0.5167
0.5179
0.5166
0.5179
0.5165
0.5178
0.5190
0.5202
0.5189
0.5201
0.5213
0.5225
0.5237
0.5224
0.5236
0.5248
0.5259
0.5246
0.5233
0.5221
0.5208
0.5220
0.5207
0.5194
0.5206
0.5217
0.5229
0.5240
0.5252
0.5239
0.5251
0.5262
0.5249
0.5237
0.5248
0.5259
0.5271
0.5282
0.5269
0.5280
0.5291
0.5302
0.5313
0.5301
0.5289
0.5276
0.5287
0.5298
0.5309
0.5297
0.5308
0.5318
0.5306
0.5294
0.5305
0.5315
0.5303
0.5314
0.5302
0.5312
0.5301
0.5311
0.5299
0.5288
0.5276
0.5286
0.5297
0.5285
0.5295
0.5306
0.5294
0.5304
0.5315
0.5303
0.5292
0.5280
0.5290
0.5279
0.5268
0.5256
0.5267
0.5255
0.5244
0.5254
0.5264
0.5253
0.5263
0.5252
0.5241
0.5251
0.5240
0.5229
0.5239
0.5249
0.5238
0.5227
0.5216
0.5226
0.5216
0.5205
0.5215
0.5224
0.5234
0.5224
0.5213
0.5202
0.5192
0.5202
0.5211
0.5201
0.5210
0.5220
0.5210
0.5199
0.5209
0.5218
0.5228
0.5217
0.5227
0.5236
0.5226
0.5235
0.5225
0.5234
0.5224
0.5233
0.5223
0.5233
0.5222
0.5232
0.5222
0.5212
0.5221
0.5230
0.5220
0.5229
0.5219
0.5228
0.5218
0.5227
0.5236
0.5226
0.5235
0.5226
0.5216
0.5206
0.5215
0.5205
0.5196
0.5204
0.5213
0.5222
0.5213
0.5203
0.5212
0.5202
0.5193
0.5201
0.5210
0.5201
0.5209
0.5200
0.5191
0.5199
0.5208
0.5217
0.5225
0.5234
0.5224
0.5215
0.5206
0.5214
0.5223
0.5231
0.5222
0.5230
0.5239
0.5230
0.5238
0.5246
0.5255
0.5246
0.5236
0.5245
0.5236
0.5226
0.5217
0.5226
0.5217
0.5225
0.5233
0.5224
0.5232
0.5241
0.5232
0.5223
0.5214
0.5205
0.5213
0.5221
0.5229
0.5237
0.5245
0.5253
0.5261
0.5269
0.5277
0.5285
0.5293
0.5284
0.5275
0.5267
0.5258
0.5266
0.5257
0.5265
0.5256
0.5264
0.5272
0.5280
0.5271
0.5279
0.5270
0.5261
0.5269
0.5277
0.5285
0.5276
0.5267
0.5275
0.5267
0.5258
0.5266
0.5257
0.5265
0.5256
0.5248
0.5256
0.5263
0.5255
0.5262
0.5270
0.5277
0.5285
0.5292
0.5300
0.5307
0.5299
0.5290
0.5298
0.5305
0.5297
0.5289
0.5280
0.5288
0.5295
0.5287
0.5279
0.5286
0.5278
0.5270
0.5262
0.5269
0.5261
0.5268
0.5275
0.5267
0.5274
0.5282
0.5289
0.5296
0.5303
0.5310
0.5302
0.5309
0.5316
0.5308
0.5315
0.5322
0.5329
0.5336
0.5328
0.5335
0.5327
0.5334
0.5341
0.5333
0.5325
0.5318
0.5310
0.5317
0.5309
0.5301
0.5308
0.5315
0.5322
0.5314
0.5321
0.5328
0.5320
0.5312
0.5319
0.5311
0.5303
0.5296
0.5303
0.5309
0.5302
0.5294
0.5301
0.5308
0.5300
0.5307
0.5313
0.5306
0.5312
0.5319
0.5326
0.5332
0.5325
0.5317
0.5324
0.5331
0.5337
0.5344
0.5336
0.5343
0.5349
0.5342
0.5348
0.5341
0.5347
0.5340
0.5346
0.5353
0.5359
0.5366
0.5358
0.5351
0.5357
0.5364
0.5370
0.5376
0.5369
0.5362
0.5368
0.5361
0.5367
0.5360
0.5366
0.5359
0.5365
0.5371
0.5364
0.5370
0.5363
0.5369
0.5375
0.5368
0.5374
0.5381
0.5387
0.5393
0.5386
0.5378
0.5371
0.5377
0.5370
0.5376
0.5369
0.5375
0.5368
0.5375
0.5367
0.5374
0.5380
0.5386
0.5392
0.5385
0.5378
0.5384
0.5390
0.5396
0.5389
0.5382
0.5375
0.5368
0.5361
0.5367
0.5373
0.5379
0.5372
0.5365
0.5371
0.5364
0.5370
0.5363
0.5356
0.5349
0.5343
0.5349
0.5354
0.5348
0.5341
0.5347
0.5353
0.5346
0.5352
0.5358
0.5351
0.5344
0.5350
0.5356
0.5362
0.5355
0.5361
0.5366
0.5372
0.5378
0.5371
0.5365
0.5358
0.5364
0.5369
0.5363
0.5356
0.5350
0.5355
0.5361
0.5367
0.5372
0.5378
0.5371
0.5377
0.5371
0.5364
0.5370
0.5375
0.5381
0.5386
0.5392
0.5386
0.5391
0.5385
0.5390
0.5396
0.5389
0.5383
0.5388
0.5382
0.5387
0.5381
0.5386
0.5380
0.5386
0.5391
0.5385
0.5378
0.5372
0.5377
0.5383
0.5376
0.5370
0.5376
0.5381
0.5375
0.5380
0.5374
0.5379
0.5373
0.5367
0.5360
0.5366
0.5371
0.5365
0.5370
0.5376
0.5381
0.5375
0.5369
0.5362
0.5368
0.5362
0.5356
0.5349
0.5355
0.5349
0.5342
0.5336
0.5342
0.5336
0.5330
0.5335
0.5329
0.5334
0.5339
0.5333
0.5339
0.5333
0.5338
0.5343
0.5337
0.5342
0.5336
0.5330
0.5336
0.5341
0.5335
0.5340
0.5334
0.5339
0.5333
0.5327
0.5333
0.5338
0.5343
0.5337
0.5331
0.5336
0.5330
0.5325
0.5330
0.5324
0.5318
0.5323
0.5328
0.5322
0.5317
0.5322
0.5327
0.5332
0.5337
0.5331
0.5336
0.5330
0.5325
0.5330
0.5324
0.5329
0.5323
0.5318
0.5312
0.5317
0.5322
0.5327
0.5332
0.5326
0.5321
0.5326
0.5320
0.5314
0.5309
0.5303
0.5297
0.5302
0.5297
0.5291
0.5285
0.5290
0.5285
0.5290
0.5295
0.5289
0.5284
0.5289
0.5294
0.5298
0.5293
0.5287
0.5282
0.5287
0.5292
0.5297
0.5291
0.5296
0.5290
0.5285
0.5280
0.5284
0.5279
0.5284
0.5278
0.5283
0.5278
0.5272
0.5277
0.5282
0.5277
0.5281
0.5286
0.5281
0.5286
0.5291
0.5295
0.5300
0.5305
0.5310
0.5314
0.5319
0.5314
0.5319
0.5313
0.5318
0.5323
0.5317
0.5312
0.5317
0.5311
0.5306
0.5311
0.5315
0.5320
0.5325
0.5329
0.5334
0.5329
0.5333
0.5338
0.5333
0.5327
0.5322
0.5327
0.5331
0.5336
0.5331
0.5325
0.5330
0.5325
0.5320
0.5314
0.5309
0.5304
0.5299
0.5294
0.5288
0.5293
0.5298
0.5302
0.5307
0.5302
0.5296
0.5301
0.5296
0.5300
0.5295
0.5290
0.5295
0.5299
0.5304
0.5299
0.5303
0.5308
0.5312
0.5307
0.5312
0.5316
0.5311
0.5306
0.5310
0.5315
0.5319
0.5314
0.5309
0.5304
0.5309
0.5313
0.5308
0.5303
0.5298
0.5302
0.5297
0.5292
0.5297
0.5301
0.5296
0.5301
0.5296
0.5291
0.5295
0.5290
0.5285
0.5290
0.5294
0.5299
0.5294
0.5298
0.5293
0.5297
0.5292
0.5297
0.5301
0.5306
0.5310
0.5314
0.5319
0.5323
0.5318
0.5322
0.5327
0.5331
0.5335
0.5339
0.5344
0.5339
0.5343
0.5338
0.5333
0.5328
0.5333
0.5328
0.5323
0.5318
0.5322
0.5318
0.5313
0.5317
0.5312
0.5316
0.5312
0.5307
0.5302
0.5297
0.5302
0.5306
0.5301
0.5305
0.5300
0.5305
0.5309
0.5304
0.5308
0.5304
0.5308
0.5312
0.5316
0.5311
0.5307
0.5302
0.5297
0.5293
0.5297
0.5301
0.5305
0.5309
0.5305
0.5300
0.5304
0.5308
0.5303
0.5308
0.5303
0.5307
0.5311
0.5315
0.5311
0.5315
0.5319
0.5323
0.5318
0.5322
0.5326
0.5322
0.5317
0.5312
0.5308
0.5312
0.5307
0.5311
0.5307
0.5311
0.5306
0.5302
0.5306
0.5310
0.5314
0.5318
0.5313
0.5309
0.5313
0.5317
0.5312
0.5308
0.5312
0.5307
0.5303
0.5298
0.5302
0.5306
0.5310
0.5314
0.5318
0.5322
0.5326
0.5321
0.5317
0.5312
0.5316
0.5320
0.5324
0.5320
0.5315
0.5319
0.5315
0.5319
0.5323
0.5318
0.5314
0.5309
0.5305
0.5309
0.5304
0.5300
0.5304
0.5300
0.5295
0.5299
0.5303
0.5299
0.5302
0.5298
0.5302
0.5306
0.5301
0.5305
0.5309
0.5305
0.5300
0.5304
0.5300
0.5296
0.5299
0.5295
0.5291
0.5295
0.5298
0.5294
0.5298
0.5294
0.5297
0.5301
0.5297
0.5293
0.5297
0.5292
0.5288
0.5292
0.5296
0.5299
0.5295
0.5299
0.5303
0.5306
0.5302
0.5306
0.5310
0.5314
0.5309
0.5305
0.5309
0.5312
0.5316
0.5312
0.5316
0.5319
0.5315
0.5311
0.5307
0.5311
0.5314
0.5310
0.5306
0.5302
0.5305
0.5301
0.5297
0.5293
0.5289
0.5292
0.5288
0.5292
0.5296
0.5299
0.5295
0.5299
0.5295
0.5298
0.5302
0.5298
0.5301
0.5305
0.5309
0.5312
0.5308
0.5304
0.5308
0.5312
0.5307
0.5303
0.5299
0.5303
0.5299
0.5295
0.5298
0.5302
0.5298
0.5294
