394.633879
394.633879
386.646561
386.646561
386.646561
386.646561
386.646561
357.034691
357.034691
357.034691
357.034691
357.034691
357.034691
357.034691
357.034691
357.034691
357.034691
357.034691
357.034691
357.034691
357.034691
357.034691
357.034691
357.034691
352.065159
352.065159
352.065159
352.065159
352.065159
352.065159
352.065159
352.065159
352.065159
352.065159
352.065159
352.065159
352.065159
352.065159
352.065159
352.065159
352.065159
352.065159
352.065159
352.065159
352.065159
352.065159
352.065159
352.065159
346.572943
346.572943
346.572943
346.572943
346.572943
346.572943
334.047990
334.047990
334.047990
334.047990
334.047990
334.047990
334.047990
334.047990
334.047990
334.047990
334.047990
334.047990
334.047990
334.047990
334.047990
334.047990
334.047990
334.047990
334.047990
334.047990
334.047990
334.047990
334.047990
334.047990
334.047990
334.047990
334.047990
334.047990
334.047990
334.047990
334.047990
334.047990
334.047990
334.047990
334.047990
334.047990
334.047990
334.047990
299.422349
299.422349
299.422349
299.422349
299.422349
299.422349
299.422349
299.422349
299.422349
299.422349
299.422349
299.422349
299.422349
299.422349
299.422349
299.422349
299.422349
299.422349
299.422349
299.422349
299.422349
299.422349
299.422349
299.422349
299.422349
299.422349
299.422349
299.422349
299.422349
299.422349
299.422349
299.422349
299.422349
299.422349
299.422349
299.422349
299.422349
299.422349
299.422349
299.422349
299.422349
299.422349
299.422349
299.422349
299.422349
299.422349
299.422349
299.422349
299.422349
299.422349
299.422349
299.422349
299.422349
299.422349
299.422349
299.422349
299.422349
299.422349
299.422349
299.422349
299.422349
299.422349
299.422349
299.422349
299.422349
299.422349
299.422349
299.422349
299.422349
299.422349
299.422349
299.422349
299.422349
299.422349
299.422349
299.422349
299.422349
299.422349
299.422349
299.422349
299.422349
299.422349
299.422349
299.422349
299.422349
299.422349
299.422349
299.422349
299.422349
299.422349
299.422349
299.422349
299.422349
299.422349
