0.059735 -0.955999 -0.795466 -0.999975 0.900597 -0.828087 -0.997949 0.985133 -0.751477 -0.999266 -0.981913 0.794062 0.989891 -0.826949 -0.863110 -0.999863 0.522603 0.999973 0.999919 -0.708820 
0.109401 1.000000 -0.935962 -1.000000 -0.389503 -1.000000 1.000000 -0.964398 0.999999 0.994408 1.000000 0.999708 -1.000000 -1.000000 1.000000 -1.000000 -1.000000 -1.000000 1.000000 -0.026761 
0.082105 1.000000 0.999983 -0.999996 0.199344 1.000000 -0.675681 -0.938825 1.000000 -1.000000 -0.990930 1.000000 1.000000 1.000000 0.998942 -1.000000 1.000000 0.918523 -1.000000 1.000000 
0.209602 -1.000000 1.000000 1.000000 -1.000000 1.000000 0.999091 1.000000 0.280257 -0.124057 0.042266 -0.907139 1.000000 0.999921 1.000000 -1.000000 1.000000 0.999877 1.000000 1.000000 
0.204857 -0.999865 1.000000 1.000000 -1.000000 1.000000 -1.000000 1.000000 -0.505214 -0.999992 -0.989172 0.999179 1.000000 1.000000 -1.000000 -1.000000 0.987319 1.000000 0.994982 1.000000 
0.168580 1.000000 -0.991212 0.988291 -1.000000 1.000000 0.641190 1.000000 0.858714 -0.996531 -1.000000 -0.964888 0.999999 1.000000 1.000000 -0.495811 -1.000000 -0.779648 1.000000 1.000000 
0.225897 0.994619 0.397918 0.999652 -1.000000 1.000000 -0.673048 1.000000 1.000000 1.000000 -1.000000 -1.000000 1.000000 0.999902 1.000000 -1.000000 -1.000000 -0.999862 1.000000 1.000000 
0.252071 1.000000 0.999996 0.999834 -0.999990 0.887268 0.999608 0.998985 1.000000 1.000000 -0.999999 -1.000000 -0.990778 1.000000 0.999582 -1.000000 -1.000000 -1.000000 0.999996 0.999998 
0.160759 1.000000 -1.000000 -0.999998 0.994084 0.757066 -0.983658 1.000000 -1.000000 1.000000 -1.000000 -1.000000 1.000000 1.000000 0.971553 -1.000000 -1.000000 0.999994 1.000000 1.000000 
0.179021 1.000000 -0.999943 1.000000 1.000000 0.999976 -1.000000 -0.505900 -0.999967 1.000000 -0.999999 -0.999922 1.000000 1.000000 0.994453 -1.000000 -0.979809 -1.000000 1.000000 1.000000 
0.185417 1.000000 -1.000000 0.924943 1.000000 -0.988636 -1.000000 0.999856 -0.997115 -1.000000 0.999557 -0.999839 0.999999 1.000000 0.991129 -1.000000 -1.000000 -1.000000 1.000000 1.000000 
0.094631 1.000000 -1.000000 -0.992998 1.000000 -0.999997 -1.000000 1.000000 -0.099864 -0.998803 0.999884 -0.999915 0.999997 1.000000 -0.999999 -0.235210 -1.000000 -1.000000 1.000000 1.000000 
0.165704 1.000000 0.998347 -0.998405 1.000000 -1.000000 1.000000 1.000000 -0.877617 0.903761 0.999966 -1.000000 0.930587 0.999991 0.544170 -0.986182 -1.000000 -1.000000 1.000000 1.000000 
0.122544 1.000000 -1.000000 0.998004 1.000000 -0.999753 1.000000 1.000000 -0.999728 -0.999141 0.999996 0.999980 0.999899 1.000000 0.427443 0.942755 -1.000000 -1.000000 1.000000 1.000000 
-0.014025 1.000000 0.998114 0.914117 1.000000 -0.999054 1.000000 1.000000 -1.000000 -0.999987 -1.000000 0.999996 -0.121902 0.999679 -0.999999 0.994848 -1.000000 -1.000000 1.000000 1.000000 
-0.074755 1.000000 -0.999969 0.990878 1.000000 -0.999981 0.998990 0.999999 -1.000000 0.981790 1.000000 0.317705 1.000000 1.000000 -0.999999 1.000000 -1.000000 -1.000000 0.978912 1.000000 
0.041094 1.000000 0.999201 0.932321 1.000000 -1.000000 -1.000000 1.000000 -1.000000 -0.981431 1.000000 1.000000 1.000000 1.000000 -0.994893 1.000000 -1.000000 -0.999511 -1.000000 1.000000 
0.000000 1.000000 -0.999303 0.996471 1.000000 -1.000000 -1.000000 1.000000 -0.999996 0.997738 0.997967 1.000000 1.000000 -0.999972 -0.844485 1.000000 -1.000000 -1.000000 -1.000000 1.000000 
-0.043752 1.000000 -0.999715 0.999902 1.000000 -1.000000 -1.000000 0.999593 -0.999997 0.999032 1.000000 -0.733469 1.000000 0.999999 -0.999973 1.000000 -1.000000 -1.000000 -0.999953 1.000000 
0.007016 1.000000 -0.999999 -0.999542 0.999996 -1.000000 0.999339 0.986315 -1.000000 -0.447781 -0.916184 0.166125 1.000000 1.000000 -0.994504 -0.948996 -1.000000 -1.000000 -1.000000 1.000000 
-0.010208 1.000000 -1.000000 -0.999855 1.000000 -1.000000 0.472728 -0.999665 -0.999998 0.981849 -0.985758 0.088688 0.998140 1.000000 -0.826702 1.000000 -1.000000 -1.000000 -1.000000 1.000000 
-0.075449 1.000000 -1.000000 -1.000000 0.999999 -1.000000 0.619635 1.000000 -0.999929 -1.000000 -0.999964 0.532819 1.000000 1.000000 -0.819722 1.000000 -1.000000 -1.000000 -1.000000 0.909371 
-0.091847 1.000000 -1.000000 -1.000000 -0.999885 -1.000000 0.770621 0.953519 -0.997693 -1.000000 -1.000000 0.985224 1.000000 1.000000 -0.935581 -0.996940 -0.999997 -1.000000 -1.000000 0.925192 
-0.088473 0.999576 -1.000000 -0.999998 -0.855223 -1.000000 -0.999370 0.961158 0.740219 -1.000000 -1.000000 0.990009 1.000000 1.000000 -1.000000 -0.607297 -1.000000 -1.000000 -0.936654 0.947105 
-0.003188 0.999793 0.217683 -1.000000 -0.915285 -1.000000 -0.567266 0.977147 1.000000 -1.000000 -1.000000 1.000000 1.000000 1.000000 -1.000000 -1.000000 -1.000000 -1.000000 0.984419 1.000000 
-0.065490 1.000000 1.000000 -1.000000 -1.000000 -1.000000 -1.000000 0.094883 1.000000 -1.000000 -1.000000 1.000000 1.000000 1.000000 -0.997385 -0.034456 -1.000000 -1.000000 -0.951081 0.673005 
-0.166911 1.000000 1.000000 -1.000000 -1.000000 -1.000000 1.000000 1.000000 0.999835 -1.000000 -0.934063 0.999538 1.000000 1.000000 -1.000000 0.332759 -1.000000 0.389360 -1.000000 0.999927 
-0.110804 1.000000 0.999999 -0.977155 -1.000000 -1.000000 0.999420 0.999550 0.999807 -1.000000 -0.856988 1.000000 0.999024 1.000000 -1.000000 -0.975249 -1.000000 -0.999998 -1.000000 -0.999981 
-0.062977 1.000000 -0.953102 -0.999999 -1.000000 -1.000000 -0.925646 1.000000 1.000000 -1.000000 -0.999573 1.000000 -0.988742 1.000000 -1.000000 -0.993380 -1.000000 -1.000000 -1.000000 -0.999999 
-0.135460 1.000000 -0.945843 0.836335 -0.999603 -1.000000 -0.795663 0.633823 1.000000 -1.000000 0.921485 1.000000 1.000000 1.000000 -1.000000 -0.997946 -0.996732 -1.000000 -1.000000 -1.000000 
-0.000646 1.000000 -0.936995 0.944198 -0.914912 -1.000000 -1.000000 0.507560 1.000000 -1.000000 0.785606 -0.832524 1.000000 1.000000 -1.000000 -0.997171 -0.997271 -0.999968 -1.000000 -0.988015 
0.168187 1.000000 0.974091 0.999682 0.999999 -1.000000 -1.000000 1.000000 1.000000 -0.991875 0.951259 -0.854849 1.000000 1.000000 -1.000000 0.997474 -1.000000 -0.999969 -1.000000 -0.999268 
0.115271 1.000000 -0.999958 0.999977 0.999994 -1.000000 -1.000000 0.998638 -0.606346 -0.989143 0.835718 0.999960 0.999957 1.000000 -1.000000 0.982770 -1.000000 0.999852 -1.000000 -0.999826 
0.149540 1.000000 -0.999994 0.999994 -0.798404 -1.000000 -1.000000 0.977607 -0.834548 0.990175 0.933001 1.000000 0.999325 1.000000 -0.981076 -0.998321 -1.000000 1.000000 -1.000000 -1.000000 
0.080999 1.000000 -0.999993 0.999988 -0.823749 -1.000000 -1.000000 -1.000000 -0.999993 0.999717 0.989399 1.000000 -0.455168 1.000000 -0.999853 -0.999533 -1.000000 0.943076 -1.000000 -0.996419 
0.020625 1.000000 -1.000000 0.999854 -0.804921 -1.000000 -1.000000 -1.000000 -0.952206 0.999745 0.984589 1.000000 0.986186 1.000000 -0.997620 0.999994 -1.000000 0.930830 -1.000000 0.830894 
-0.119836 1.000000 -0.424360 1.000000 -0.999992 -1.000000 -1.000000 -1.000000 -0.994592 0.999912 -0.999554 0.999794 -0.996062 1.000000 -1.000000 0.999999 -1.000000 0.748806 -1.000000 -0.959849 
-0.115921 1.000000 0.995480 0.997700 -1.000000 -1.000000 -1.000000 -1.000000 -0.983014 0.999640 -0.999977 0.999954 -0.999999 1.000000 -1.000000 0.998373 -1.000000 -1.000000 -1.000000 -0.999998 
-0.087855 1.000000 -1.000000 1.000000 -1.000000 -1.000000 -1.000000 -1.000000 -0.996266 0.999984 -0.999961 0.999754 -1.000000 1.000000 -1.000000 0.800432 -0.999803 -1.000000 -1.000000 -1.000000 
-0.030328 1.000000 -0.999998 1.000000 -0.999992 -1.000000 -1.000000 -1.000000 1.000000 1.000000 -1.000000 0.999113 -1.000000 1.000000 -1.000000 1.000000 -0.989993 -0.999994 -1.000000 -1.000000 
-0.095338 1.000000 -0.970275 0.999998 -0.999986 -1.000000 -1.000000 -0.999968 -1.000000 1.000000 -1.000000 0.997738 -1.000000 0.714521 -1.000000 -0.955127 -1.000000 0.999864 -1.000000 -1.000000 
-0.085201 1.000000 -0.999518 0.583049 -0.999915 -1.000000 -1.000000 -0.999715 -0.999997 1.000000 -1.000000 0.996761 -1.000000 1.000000 -0.999995 -0.995167 -0.999959 0.791280 -1.000000 -1.000000 
-0.074592 1.000000 -0.387686 -0.988469 -0.940807 -1.000000 -1.000000 0.999848 -0.999997 1.000000 -1.000000 0.996828 -1.000000 1.000000 -0.999996 0.999655 -1.000000 -0.998170 -1.000000 -1.000000 
-0.048646 1.000000 -0.999999 -0.998860 0.990585 -1.000000 -1.000000 0.999444 -0.982026 0.999994 -1.000000 0.998689 -0.999998 1.000000 -0.999754 0.973854 -0.997945 0.992741 -0.999999 -1.000000 
-0.134102 1.000000 -1.000000 -0.999398 -0.999455 -1.000000 -1.000000 1.000000 -0.982814 0.999991 -1.000000 0.999016 -0.990238 1.000000 0.999854 0.999999 -0.999997 1.000000 0.989990 -1.000000 
-0.020956 1.000000 -1.000000 -0.990115 1.000000 -1.000000 -1.000000 0.875664 -1.000000 1.000000 -1.000000 0.999781 -0.999958 0.982899 0.999997 1.000000 -0.998021 0.999997 0.954146 -1.000000 
-0.022484 1.000000 -1.000000 -0.306154 1.000000 -1.000000 -1.000000 0.895302 -0.999869 1.000000 -1.000000 1.000000 -0.999888 0.970450 0.999916 1.000000 -0.992583 1.000000 -0.286371 -0.999999 
-0.032349 1.000000 -1.000000 -0.901038 1.000000 -1.000000 -1.000000 -0.850655 -0.998921 1.000000 -1.000000 1.000000 -1.000000 1.000000 0.999995 1.000000 -0.999179 0.999998 -0.989383 -0.999851 
-0.070751 1.000000 -1.000000 -0.457916 1.000000 -1.000000 -1.000000 0.659702 1.000000 1.000000 -1.000000 1.000000 -0.999998 0.995492 0.399614 1.000000 0.350735 1.000000 -0.999679 -1.000000 
0.061208 1.000000 -1.000000 -0.553187 1.000000 -1.000000 -1.000000 0.999987 0.991782 -0.511727 -1.000000 1.000000 -0.999985 0.996532 -0.999713 1.000000 0.510206 1.000000 -0.999127 -1.000000 
0.066544 1.000000 -1.000000 0.729383 1.000000 -1.000000 -1.000000 0.802315 0.997601 -0.314884 -1.000000 0.998950 -0.999983 1.000000 -1.000000 1.000000 -1.000000 1.000000 -0.999997 -0.999990 
0.139488 0.998662 -1.000000 0.996888 1.000000 -1.000000 -1.000000 1.000000 0.994378 -0.315955 -1.000000 1.000000 -0.999985 1.000000 -1.000000 1.000000 0.892685 1.000000 -1.000000 -1.000000 
0.194731 0.929969 -1.000000 0.998187 1.000000 -1.000000 -0.999999 0.131321 0.994254 0.998521 -1.000000 1.000000 -0.999973 1.000000 -1.000000 0.395430 0.980715 1.000000 -1.000000 0.992147 
0.130369 0.705735 -1.000000 0.784729 1.000000 -1.000000 -1.000000 0.889536 0.998365 0.999274 -1.000000 0.982612 -0.823756 1.000000 -1.000000 1.000000 0.967701 1.000000 -1.000000 0.829778 
0.075481 -0.997254 -1.000000 -0.997274 1.000000 -1.000000 -0.999983 1.000000 0.963572 0.999570 -1.000000 0.983083 -0.576016 1.000000 -1.000000 0.062111 -0.479269 1.000000 -1.000000 1.000000 
0.038157 -0.996886 -1.000000 -0.998073 1.000000 -1.000000 -0.741896 -0.713355 -0.986806 0.999336 -1.000000 0.982322 -0.999942 1.000000 -1.000000 1.000000 0.456283 1.000000 -1.000000 1.000000 
0.027770 -0.993348 -1.000000 -0.999821 1.000000 -1.000000 -0.999616 1.000000 1.000000 0.999328 -1.000000 0.981423 -0.999946 1.000000 -0.999991 1.000000 0.717614 1.000000 -1.000000 0.999999 
-0.003846 0.429756 -1.000000 -0.999823 1.000000 -1.000000 -1.000000 1.000000 -0.599657 0.999999 -0.999078 0.674094 -0.999948 1.000000 -0.999986 -1.000000 0.786867 1.000000 -1.000000 1.000000 
-0.021317 0.769299 -1.000000 -0.999820 1.000000 -1.000000 -1.000000 0.999999 1.000000 1.000000 -1.000000 -0.994275 -0.999953 1.000000 -1.000000 -1.000000 1.000000 1.000000 -1.000000 1.000000 
-0.049998 0.616254 -1.000000 -0.999818 1.000000 -1.000000 -0.999947 0.999977 1.000000 0.999988 -1.000000 -0.736437 -0.999998 1.000000 -1.000000 -1.000000 0.999975 1.000000 -1.000000 0.999518 
-0.081131 -0.997836 -1.000000 -0.999602 1.000000 -1.000000 -1.000000 0.999938 1.000000 0.999991 -0.999961 -0.978601 -1.000000 1.000000 -1.000000 -1.000000 0.999977 1.000000 -1.000000 0.999463 
-0.161960 -0.994097 -1.000000 -0.999827 1.000000 -1.000000 -1.000000 0.999962 1.000000 0.999997 -0.999914 -0.994851 -1.000000 1.000000 -1.000000 -1.000000 0.999983 1.000000 -1.000000 -0.992698 
-0.268839 0.767784 -1.000000 -0.997679 1.000000 -1.000000 -1.000000 1.000000 1.000000 -0.911855 -1.000000 0.943579 -1.000000 1.000000 -1.000000 -0.904073 0.999963 1.000000 -1.000000 -0.970444 
-0.181314 1.000000 -1.000000 -0.995898 1.000000 -1.000000 -1.000000 0.999956 0.999367 -0.997551 -1.000000 1.000000 -1.000000 1.000000 -1.000000 -1.000000 0.999954 1.000000 -1.000000 1.000000 
-0.119859 -0.997983 -1.000000 -0.999936 1.000000 -1.000000 -1.000000 0.999999 0.998900 -0.911900 -1.000000 1.000000 -1.000000 1.000000 -1.000000 -1.000000 0.999989 1.000000 -1.000000 1.000000 
-0.126793 -0.999882 -1.000000 -0.995723 0.999999 -1.000000 -1.000000 0.999977 0.998713 -0.932076 -1.000000 1.000000 -1.000000 1.000000 -0.977299 0.649050 0.999994 1.000000 -1.000000 1.000000 
-0.116976 -0.999796 -1.000000 -0.990067 0.999998 -1.000000 -1.000000 0.999890 0.998988 -0.989678 -1.000000 1.000000 -1.000000 1.000000 -0.999950 -1.000000 0.705181 1.000000 -1.000000 1.000000 
-0.016789 -0.999667 -0.999996 -0.797695 0.999974 -1.000000 -1.000000 0.827769 -0.900725 -0.999200 -1.000000 -0.819658 -1.000000 1.000000 -0.999995 -1.000000 1.000000 1.000000 -1.000000 1.000000 
-0.040823 -0.999887 -1.000000 -0.999962 1.000000 -1.000000 -1.000000 0.804540 0.959496 -1.000000 -1.000000 -0.620306 -1.000000 1.000000 -0.999928 -0.999969 0.999971 1.000000 -1.000000 1.000000 
-0.045404 -0.999863 -0.999624 -0.900330 1.000000 -1.000000 -1.000000 0.827227 0.996966 -1.000000 -1.000000 -0.698352 0.988434 1.000000 -0.999369 0.998069 0.972826 1.000000 -1.000000 1.000000 
-0.087397 -0.999868 -0.999554 -0.999998 0.999999 -1.000000 -1.000000 0.832462 -0.973608 -1.000000 -1.000000 -0.682680 0.965091 1.000000 -0.999988 0.998097 -1.000000 1.000000 -1.000000 -0.550616 
-0.033166 -0.999690 -0.998939 -0.918114 1.000000 -1.000000 -1.000000 0.801688 -0.999999 -1.000000 -1.000000 -0.940373 -0.684680 1.000000 -1.000000 0.997543 -1.000000 1.000000 -1.000000 -1.000000 
-0.060832 -0.999815 -0.999483 -0.879175 1.000000 -1.000000 -1.000000 0.806150 -0.999996 -0.955895 -1.000000 -0.999849 0.982572 1.000000 -1.000000 0.997910 -1.000000 1.000000 -1.000000 -1.000000 
-0.110468 -0.999834 -0.999985 -0.897138 0.999995 -1.000000 -1.000000 0.742045 0.241615 -0.941005 -1.000000 -0.999785 0.998748 1.000000 -0.928289 -0.999956 -1.000000 1.000000 -1.000000 -1.000000 
-0.072148 -0.662883 -0.804156 -0.377472 0.999987 -1.000000 -1.000000 0.835811 0.417840 -0.962830 -1.000000 1.000000 0.998086 1.000000 0.724813 -0.999396 -1.000000 1.000000 -1.000000 -1.000000 
0.115362 -0.859269 0.045590 0.993726 0.999999 -1.000000 -1.000000 0.958512 0.633097 -1.000000 -1.000000 1.000000 0.999305 1.000000 -1.000000 -1.000000 -1.000000 1.000000 -1.000000 -1.000000 
0.120945 -0.987707 0.155573 0.983404 1.000000 -1.000000 -1.000000 -0.557301 0.998141 -1.000000 -1.000000 1.000000 -0.999978 1.000000 -0.997739 -1.000000 -0.999950 1.000000 -1.000000 -1.000000 
0.072925 -0.741577 -0.947496 0.995961 0.999995 -1.000000 -1.000000 0.851715 0.996980 -1.000000 -1.000000 1.000000 -0.999997 1.000000 -1.000000 -1.000000 -1.000000 1.000000 -1.000000 -1.000000 
0.165946 0.989451 -0.975902 -1.000000 0.999989 -1.000000 -1.000000 -0.272490 0.986518 -1.000000 0.999102 1.000000 -0.999997 1.000000 -1.000000 -1.000000 -1.000000 1.000000 -1.000000 -1.000000 
0.067454 -0.918784 -0.795240 -1.000000 0.999999 -1.000000 -1.000000 0.987711 0.999974 -1.000000 -0.662076 1.000000 -0.999995 1.000000 -1.000000 -1.000000 -0.965103 1.000000 -1.000000 0.831392 
-0.128922 0.999356 -0.972447 -1.000000 0.999989 -0.999961 -0.999978 -0.016438 0.970941 -1.000000 -0.999044 1.000000 -0.999997 1.000000 -1.000000 -1.000000 -0.980795 -0.999515 -0.999999 0.812767 
-0.114839 -0.837296 -0.941177 -1.000000 0.999978 -0.999643 -1.000000 -0.107983 0.992082 -1.000000 -1.000000 1.000000 -0.999997 1.000000 -1.000000 -1.000000 -0.961416 -0.996943 -1.000000 0.895780 
-0.100843 0.999903 -0.705244 -1.000000 1.000000 0.584117 -1.000000 0.859111 0.989904 -1.000000 0.998618 1.000000 -0.999629 1.000000 -1.000000 -1.000000 -0.937366 1.000000 -0.999998 1.000000 
-0.161844 0.999496 -0.905640 -1.000000 1.000000 0.482600 -1.000000 0.365672 1.000000 -1.000000 0.998879 1.000000 -0.687164 1.000000 -1.000000 -0.999772 -0.957071 0.573123 -1.000000 0.999990 
-0.079677 0.999824 -0.728880 -1.000000 1.000000 -1.000000 -1.000000 0.479413 1.000000 -1.000000 -0.999998 0.998212 0.999805 1.000000 -1.000000 -1.000000 -0.932770 -0.801071 -0.999999 0.999986 
0.100288 -0.997109 -0.538844 -1.000000 1.000000 -1.000000 -1.000000 -0.999957 1.000000 -1.000000 -0.999986 0.997872 -0.460637 1.000000 -1.000000 -1.000000 -0.933291 -0.999993 -0.999996 0.999981 
0.102854 -0.603931 -0.033170 -1.000000 1.000000 -1.000000 -1.000000 -0.999849 1.000000 -1.000000 -0.999553 1.000000 -0.018440 1.000000 -1.000000 -1.000000 -1.000000 -0.998983 -1.000000 0.999929 
0.122950 -0.744365 -0.910193 -1.000000 1.000000 -0.999999 -1.000000 -0.999994 1.000000 -1.000000 -0.999387 1.000000 -0.397866 1.000000 -1.000000 -0.999995 -0.999878 -0.999961 -1.000000 0.999990 
0.114418 -0.651169 -0.960965 -1.000000 1.000000 -1.000000 -1.000000 -0.999998 1.000000 -1.000000 -0.999347 1.000000 -0.458499 1.000000 -1.000000 -1.000000 -0.999975 -0.999975 -1.000000 0.999993 
0.125117 -0.999979 -0.956939 -1.000000 1.000000 -0.999999 -1.000000 0.619964 1.000000 -1.000000 -0.999360 1.000000 -0.460960 1.000000 -0.999993 -1.000000 -1.000000 -0.999975 -0.999999 0.964156 
0.022652 0.999946 -0.794881 -1.000000 1.000000 -1.000000 -1.000000 0.286668 1.000000 -1.000000 -0.999388 1.000000 -0.261289 1.000000 -0.999992 -1.000000 -1.000000 -0.999878 -0.999999 -0.250146 
-0.084575 0.999977 -0.871387 -1.000000 0.999979 -1.000000 -1.000000 1.000000 1.000000 -1.000000 -0.999502 1.000000 0.998878 1.000000 -0.999995 -1.000000 -1.000000 -0.999975 -0.999996 -0.988685 
-0.044296 0.999905 -0.992887 -1.000000 1.000000 -1.000000 -1.000000 1.000000 1.000000 -1.000000 -0.999630 1.000000 0.999532 1.000000 -0.999998 -1.000000 -1.000000 -0.999989 -0.999997 0.408091 
-0.029580 1.000000 -0.992830 -1.000000 1.000000 -0.998211 -1.000000 1.000000 1.000000 -1.000000 -0.999599 1.000000 0.997885 1.000000 -0.999996 -1.000000 -1.000000 -0.999976 -0.999992 -0.848535 
-0.049466 1.000000 -0.992046 -1.000000 1.000000 -0.998899 -1.000000 1.000000 1.000000 -1.000000 -0.999565 1.000000 0.998437 1.000000 0.933893 -1.000000 -1.000000 -0.999983 -0.999994 -0.886145 
-0.069558 1.000000 -0.993041 -1.000000 1.000000 -0.981352 -1.000000 1.000000 1.000000 -1.000000 -0.999608 0.999998 0.881703 1.000000 -0.999983 0.998467 -1.000000 -0.999975 -0.999992 -0.987687 
-0.006764 1.000000 -0.993364 -1.000000 1.000000 -0.999773 0.978251 0.999987 1.000000 -1.000000 -0.999607 0.999996 -0.999997 1.000000 0.928184 -1.000000 -1.000000 -0.999987 -0.999992 -0.724894 
-0.054134 1.000000 -0.998003 -1.000000 1.000000 -1.000000 0.982740 1.000000 0.999809 -1.000000 -0.999528 0.999989 0.998972 1.000000 -1.000000 -1.000000 -1.000000 -0.999988 -0.999996 0.999898 
-0.035825 1.000000 0.893603 -1.000000 1.000000 -0.999848 -0.996069 0.999979 0.999563 -1.000000 -0.999586 0.999994 0.998911 1.000000 -1.000000 -1.000000 -1.000000 -0.999991 -0.999993 0.999989 
-0.112469 1.000000 0.883344 -1.000000 1.000000 -0.998442 0.995869 1.000000 0.999865 -1.000000 -0.999584 0.999997 0.993573 1.000000 -1.000000 -1.000000 -1.000000 0.319685 -0.999993 0.999931 
-0.118210 1.000000 0.999476 -1.000000 1.000000 -0.999993 0.972350 1.000000 0.999886 -1.000000 -1.000000 0.999992 -0.999983 1.000000 -1.000000 -1.000000 -1.000000 0.125219 -0.999992 0.999998 
-0.066690 1.000000 0.999432 -1.000000 1.000000 -0.999783 0.978200 0.999999 0.999204 -1.000000 -1.000000 0.999949 0.998889 1.000000 -1.000000 -1.000000 -1.000000 1.000000 -0.999987 1.000000 
0.004756 1.000000 0.999459 -1.000000 1.000000 -1.000000 0.982479 0.999993 0.999847 -1.000000 -1.000000 0.999928 0.997864 1.000000 -1.000000 -1.000000 -1.000000 1.000000 -0.999991 1.000000 
-0.023776 1.000000 0.999821 -1.000000 1.000000 -0.991815 -0.944340 1.000000 0.996407 -1.000000 -1.000000 0.999897 -0.997924 1.000000 -0.999997 -1.000000 -1.000000 1.000000 -0.999995 0.999999 
0.002735 1.000000 1.000000 -1.000000 1.000000 -0.999541 0.984212 0.999994 0.999533 -1.000000 -1.000000 0.998132 -0.999997 1.000000 -0.999998 -1.000000 -1.000000 1.000000 -0.997334 0.999999 
0.006172 1.000000 1.000000 -1.000000 1.000000 -1.000000 0.914785 1.000000 0.999221 -1.000000 -1.000000 0.998500 0.998819 1.000000 -0.999998 -1.000000 -1.000000 1.000000 -0.999802 1.000000 
-0.057068 1.000000 1.000000 -1.000000 1.000000 -0.999628 0.999744 0.999995 0.855970 -1.000000 -1.000000 0.999999 0.997827 1.000000 -0.999998 -1.000000 -1.000000 1.000000 -0.999810 1.000000 
-0.171549 1.000000 1.000000 -1.000000 1.000000 -0.999804 0.981515 0.996876 0.999709 -0.999959 -1.000000 1.000000 -0.999493 1.000000 -0.999999 -1.000000 -1.000000 1.000000 -0.999647 1.000000 
-0.145366 1.000000 1.000000 -1.000000 1.000000 -0.999949 0.962439 0.999992 0.999514 -1.000000 -1.000000 0.999377 -0.999997 1.000000 -1.000000 -0.999997 -1.000000 1.000000 -0.999719 1.000000 
-0.128517 1.000000 1.000000 -1.000000 1.000000 -0.999867 0.975689 -0.978246 0.979291 -1.000000 0.709871 1.000000 1.000000 1.000000 -0.999999 -1.000000 -1.000000 1.000000 -0.998324 1.000000 
-0.117664 -0.201402 1.000000 -1.000000 1.000000 -0.999952 0.972507 1.000000 0.999699 -1.000000 0.576901 1.000000 0.999993 1.000000 -0.998987 -1.000000 -1.000000 1.000000 -0.999040 1.000000 
-0.092593 -0.252411 1.000000 -1.000000 1.000000 -0.999924 0.973481 1.000000 0.999573 -1.000000 0.581544 0.997880 1.000000 1.000000 -0.999343 -1.000000 -1.000000 1.000000 -0.998965 0.999996 
-0.018900 0.999932 1.000000 -1.000000 1.000000 -0.995520 0.972181 1.000000 0.907485 -1.000000 -0.977255 1.000000 1.000000 1.000000 -0.999350 -1.000000 -1.000000 1.000000 -0.999347 0.999995 
-0.087101 0.999924 1.000000 -1.000000 1.000000 -0.470599 0.976998 0.976638 0.999784 -1.000000 -0.992902 0.999892 0.999980 1.000000 -0.999947 -1.000000 -1.000000 1.000000 -0.998975 1.000000 
-0.079443 0.999125 1.000000 -1.000000 1.000000 -0.994931 0.841503 0.980963 0.999820 -1.000000 -0.997686 0.999863 1.000000 1.000000 -0.999966 -1.000000 -1.000000 1.000000 -0.999971 1.000000 
-0.049834 0.998172 1.000000 -1.000000 1.000000 -0.622226 -1.000000 0.986206 0.950634 -1.000000 0.999999 0.999271 1.000000 1.000000 -0.999998 -1.000000 -1.000000 1.000000 0.368751 1.000000 
-0.061351 -0.998897 1.000000 -1.000000 1.000000 -0.950068 -0.991066 0.988504 0.999859 -1.000000 0.669803 0.999226 1.000000 1.000000 -0.999583 -1.000000 -0.999998 1.000000 0.232601 1.000000 
-0.010526 -0.996199 1.000000 -1.000000 1.000000 0.532547 -0.998004 -0.999993 0.999824 -1.000000 0.999945 0.999330 1.000000 1.000000 -0.999979 -1.000000 -1.000000 1.000000 0.428319 1.000000 
-0.009914 -0.999210 1.000000 -1.000000 1.000000 -0.850446 -1.000000 -0.999973 0.993495 -1.000000 0.999994 0.999212 1.000000 1.000000 -0.998397 -1.000000 -0.999995 1.000000 0.093713 1.000000 
-0.007081 -0.959805 1.000000 -1.000000 1.000000 -0.003670 -1.000000 -1.000000 0.999925 -1.000000 0.999851 0.999365 1.000000 1.000000 -0.999682 -1.000000 -1.000000 1.000000 0.997269 1.000000 
-0.013406 -0.956159 1.000000 -1.000000 1.000000 -0.913484 -1.000000 -1.000000 -0.989667 -1.000000 0.999983 -0.385570 1.000000 1.000000 -0.997865 -1.000000 -1.000000 1.000000 0.649466 1.000000 
0.006376 -0.954500 1.000000 -1.000000 1.000000 -0.915065 -1.000000 -1.000000 0.987189 -1.000000 1.000000 -0.022984 1.000000 1.000000 -0.454746 -1.000000 -1.000000 1.000000 -0.991102 1.000000 
-0.000702 -0.958548 1.000000 -1.000000 1.000000 0.820099 -1.000000 -1.000000 1.000000 -1.000000 1.000000 -0.032260 1.000000 1.000000 1.000000 -1.000000 -0.150548 1.000000 -0.984838 0.963628 
0.018398 -0.954078 1.000000 -1.000000 1.000000 -0.919473 -0.997494 -1.000000 1.000000 -0.989785 1.000000 -0.038013 1.000000 1.000000 0.994573 -1.000000 0.751051 1.000000 -1.000000 1.000000 
0.135908 -0.964902 1.000000 0.999947 1.000000 0.535635 -0.999997 -1.000000 0.999999 -0.999995 1.000000 -0.030686 1.000000 1.000000 1.000000 -1.000000 0.954023 1.000000 -1.000000 0.964591 
0.061143 -0.820832 1.000000 1.000000 1.000000 -0.794479 -0.943936 -1.000000 1.000000 -0.999969 0.999780 -0.092924 1.000000 1.000000 0.978603 -1.000000 0.984996 1.000000 -1.000000 1.000000 
0.062688 -0.941407 1.000000 1.000000 1.000000 -0.960811 -0.999999 -1.000000 1.000000 -0.999996 0.999997 -0.078981 0.999999 1.000000 1.000000 -1.000000 -1.000000 0.999999 -0.999780 1.000000 
-0.020405 -0.925257 1.000000 0.999988 1.000000 0.999634 -0.980960 -0.999936 1.000000 -0.764308 1.000000 0.999994 0.999996 1.000000 0.999998 -1.000000 -1.000000 1.000000 -0.999981 1.000000 
0.042244 0.998176 1.000000 -0.289121 1.000000 0.999392 -0.986111 -0.999962 0.999999 -0.999995 -0.999956 -0.986510 0.999997 1.000000 1.000000 -1.000000 -1.000000 1.000000 -0.999906 1.000000 
-0.093545 0.998469 1.000000 -0.998907 1.000000 0.999837 -0.999997 -0.999786 1.000000 -0.969686 -0.890869 -0.988014 0.999996 1.000000 -0.984245 -1.000000 -1.000000 1.000000 -0.999998 1.000000 
0.018152 0.998731 1.000000 -0.998312 1.000000 0.999601 -0.999992 -0.999926 1.000000 -1.000000 -0.416048 -0.992808 0.999997 1.000000 1.000000 -1.000000 -1.000000 1.000000 0.736123 1.000000 
0.033539 0.998887 1.000000 -0.999709 1.000000 0.999898 -0.999997 -0.999497 1.000000 -0.988973 -0.227089 -0.991858 0.974631 1.000000 1.000000 -1.000000 -1.000000 1.000000 0.978093 1.000000 
0.076336 0.999587 1.000000 -0.998396 1.000000 -0.999955 -1.000000 -1.000000 1.000000 -1.000000 -0.300312 -0.985966 0.976787 1.000000 1.000000 -1.000000 -1.000000 1.000000 0.998363 1.000000 
-0.028834 -0.999003 1.000000 -0.998257 1.000000 -0.990271 -1.000000 -1.000000 0.997301 -1.000000 -0.268612 -0.982337 0.974885 1.000000 1.000000 -1.000000 -1.000000 1.000000 1.000000 1.000000 
-0.033867 -0.999915 1.000000 -0.979799 1.000000 -0.635453 -1.000000 -1.000000 0.999775 -0.999999 -1.000000 -0.983196 0.983511 1.000000 1.000000 -1.000000 -1.000000 0.999997 1.000000 1.000000 
-0.106907 -0.998592 1.000000 -0.997476 1.000000 0.576559 -1.000000 -1.000000 0.999913 -0.999250 -1.000000 -1.000000 0.980511 1.000000 1.000000 -1.000000 -1.000000 1.000000 1.000000 1.000000 
-0.079964 -0.998966 -0.999524 -0.999717 1.000000 0.730557 -1.000000 -1.000000 1.000000 -0.999971 -1.000000 -1.000000 0.982956 1.000000 1.000000 -1.000000 -1.000000 1.000000 1.000000 1.000000 
-0.118774 -0.997561 -0.996946 -1.000000 1.000000 0.716057 -1.000000 -1.000000 -0.668732 -0.924945 -1.000000 -1.000000 0.979252 1.000000 1.000000 -1.000000 -1.000000 1.000000 1.000000 1.000000 
-0.063073 -0.999235 0.999464 -1.000000 0.972316 0.753524 -1.000000 -1.000000 0.999893 -1.000000 -1.000000 -1.000000 0.984096 1.000000 1.000000 -1.000000 -1.000000 1.000000 0.999998 1.000000 
-0.068312 0.936186 0.998410 -1.000000 1.000000 0.643213 -1.000000 -1.000000 1.000000 -1.000000 -1.000000 0.344476 0.981629 1.000000 1.000000 -1.000000 -1.000000 1.000000 1.000000 1.000000 
0.002838 0.939965 0.998498 -1.000000 0.999996 0.651711 -1.000000 -1.000000 0.999908 -1.000000 -1.000000 0.913192 0.982084 1.000000 1.000000 -1.000000 -1.000000 1.000000 0.999999 1.000000 
0.033799 0.999897 0.996841 -1.000000 1.000000 0.688929 -1.000000 -1.000000 1.000000 -1.000000 -1.000000 0.817271 0.975192 1.000000 1.000000 -1.000000 -1.000000 1.000000 0.999996 1.000000 
0.111114 0.706947 0.996687 -1.000000 -0.945516 0.693310 -1.000000 -1.000000 -0.802444 -1.000000 -1.000000 0.789732 0.973799 1.000000 1.000000 -1.000000 -1.000000 1.000000 0.999996 1.000000 
0.082077 0.999927 1.000000 -1.000000 -0.999366 0.582376 0.334690 -1.000000 0.999970 -1.000000 -1.000000 0.733952 0.972304 1.000000 1.000000 -1.000000 -1.000000 1.000000 0.999997 1.000000 
0.109913 0.968745 0.998668 -0.999971 -0.998660 1.000000 -0.999989 -1.000000 1.000000 -1.000000 -1.000000 0.878449 0.976020 1.000000 1.000000 -1.000000 -1.000000 1.000000 0.999999 1.000000 
0.087315 0.999958 1.000000 -0.999999 -0.999110 0.999998 0.687759 -1.000000 1.000000 -1.000000 -1.000000 -0.470003 0.999779 1.000000 1.000000 -1.000000 -1.000000 1.000000 0.999996 1.000000 
-0.020397 0.833527 1.000000 -1.000000 -0.996198 0.999998 -0.999999 -0.999989 1.000000 -1.000000 -1.000000 -0.088434 0.973720 1.000000 1.000000 -1.000000 -1.000000 1.000000 0.999963 1.000000 
0.013224 -0.363044 0.999716 -0.999987 1.000000 0.999995 -0.997322 -0.999896 1.000000 -1.000000 -1.000000 -0.646931 0.957150 1.000000 1.000000 -1.000000 -1.000000 1.000000 0.999987 1.000000 
0.128619 0.946497 1.000000 -1.000000 1.000000 0.999997 -1.000000 -0.999986 1.000000 -1.000000 -1.000000 1.000000 0.999988 1.000000 1.000000 -1.000000 -1.000000 1.000000 0.999953 1.000000 
0.164261 0.950128 1.000000 -1.000000 1.000000 0.999998 -0.982286 -0.999995 1.000000 -1.000000 -1.000000 0.999996 0.970883 1.000000 1.000000 -1.000000 -1.000000 1.000000 0.999942 1.000000 
0.064663 0.940065 1.000000 0.920551 1.000000 0.999999 -0.982496 -1.000000 1.000000 -1.000000 -0.999826 0.846349 0.864348 1.000000 1.000000 -1.000000 -1.000000 1.000000 0.999947 1.000000 
0.133772 0.604109 0.999310 0.900878 1.000000 0.999996 -0.995185 -1.000000 1.000000 -1.000000 -0.999999 1.000000 0.996642 1.000000 1.000000 -1.000000 -1.000000 1.000000 0.999984 1.000000 
0.112269 0.937191 1.000000 0.999924 1.000000 0.999999 -0.985229 -1.000000 1.000000 -1.000000 -0.999999 1.000000 0.999415 1.000000 1.000000 -1.000000 -1.000000 1.000000 0.997773 1.000000 
0.028135 0.949778 1.000000 0.994261 1.000000 0.999998 -0.983611 -1.000000 -0.586818 -1.000000 -0.998156 0.999997 0.999161 1.000000 1.000000 -1.000000 -1.000000 1.000000 0.464225 1.000000 
-0.005472 0.881478 1.000000 0.986894 1.000000 0.999997 -0.881920 -0.999963 1.000000 -1.000000 -0.998857 0.999998 0.999987 1.000000 0.999583 -1.000000 0.993837 1.000000 0.856530 1.000000 
0.051644 0.998233 1.000000 0.981281 1.000000 0.999997 -0.795658 -0.999960 -0.530804 -1.000000 -0.998547 1.000000 0.995585 1.000000 1.000000 -1.000000 -0.999995 1.000000 0.825670 1.000000 
0.032297 0.987685 1.000000 0.984215 1.000000 0.999997 0.999960 -0.999964 1.000000 -1.000000 -0.810329 1.000000 0.999981 1.000000 1.000000 -1.000000 0.256629 1.000000 0.823098 1.000000 
0.016354 0.987268 0.997954 0.980129 1.000000 0.999997 0.999971 -0.999963 -1.000000 -1.000000 -0.595950 1.000000 0.996751 1.000000 0.999750 -1.000000 0.260286 1.000000 0.902426 1.000000 
0.016408 0.985017 1.000000 0.953752 1.000000 1.000000 -0.999661 -0.999966 -0.999996 -1.000000 -0.104402 1.000000 0.999894 1.000000 1.000000 -1.000000 0.151475 1.000000 0.999998 1.000000 
0.025947 0.991194 1.000000 0.987168 1.000000 1.000000 -0.999989 -0.999963 -0.999999 -1.000000 -0.743595 1.000000 0.990344 1.000000 1.000000 -1.000000 0.135159 1.000000 0.875332 1.000000 
0.036911 0.986658 1.000000 0.976231 1.000000 1.000000 -0.999959 -0.999963 -0.999998 -1.000000 -0.513950 1.000000 0.999958 1.000000 0.998755 -0.999929 -0.204659 1.000000 0.999924 1.000000 
0.008903 0.987333 -0.999999 0.981237 1.000000 1.000000 -0.999973 -0.999963 -0.999998 -1.000000 -0.618790 1.000000 0.996906 1.000000 1.000000 -1.000000 -0.999890 1.000000 0.888702 1.000000 
-0.036860 0.992238 0.725594 0.988520 1.000000 1.000000 -0.999991 -0.999963 -0.999999 -1.000000 -0.769217 1.000000 0.999990 1.000000 0.999993 -1.000000 -0.999943 1.000000 0.999938 1.000000 
0.044215 0.992457 0.907346 -0.975035 1.000000 1.000000 -0.999987 -0.999958 -0.999999 -1.000000 -0.195091 1.000000 0.997735 1.000000 1.000000 -1.000000 -0.999789 1.000000 0.872945 1.000000 
0.087929 0.981445 0.745569 -0.991615 1.000000 1.000000 0.715020 -0.999973 -0.999994 -1.000000 0.999962 0.999450 0.999799 1.000000 1.000000 -1.000000 -0.999124 1.000000 0.999660 1.000000 
0.125426 0.975575 0.999501 -0.990677 1.000000 1.000000 0.641607 -0.999975 -0.999992 -1.000000 0.999957 0.962305 0.541823 1.000000 0.999935 -1.000000 -0.999502 1.000000 0.999813 1.000000 
0.135324 0.999979 0.794360 -0.986744 1.000000 1.000000 0.426832 -0.999973 -0.999993 -1.000000 0.999952 0.907894 0.974126 1.000000 1.000000 -1.000000 -0.999934 1.000000 0.992302 1.000000 
0.235640 0.999974 0.877640 0.999999 1.000000 1.000000 -0.248393 -0.999970 -0.999998 -1.000000 0.999961 0.999824 0.978845 1.000000 1.000000 -1.000000 -1.000000 1.000000 0.999291 1.000000 
0.194049 0.999990 1.000000 0.999995 1.000000 1.000000 0.815077 -0.987554 0.999997 -1.000000 0.999931 0.999498 0.967303 1.000000 0.999475 -1.000000 -1.000000 1.000000 -0.999964 1.000000 
0.134121 0.999979 -0.964844 0.999999 1.000000 1.000000 0.495589 -0.999707 0.600045 -1.000000 0.999944 0.999907 0.974224 1.000000 1.000000 -1.000000 -1.000000 1.000000 -0.729867 1.000000 
0.104523 0.999975 0.960069 0.999999 0.800724 1.000000 0.999995 -1.000000 0.425227 -1.000000 0.999958 0.999911 0.977752 1.000000 0.999999 -1.000000 -0.999994 1.000000 0.507620 1.000000 
0.106104 0.999906 0.215131 0.999999 0.968740 1.000000 1.000000 -1.000000 0.507492 -1.000000 0.999960 0.999859 0.977301 1.000000 1.000000 -1.000000 0.379528 1.000000 0.659761 1.000000 
0.066776 0.999988 0.999993 0.999999 0.956515 1.000000 0.989585 -0.997556 0.352434 -1.000000 1.000000 0.999905 0.979337 1.000000 0.999998 -1.000000 0.354448 1.000000 0.542265 1.000000 
-0.021034 0.999801 1.000000 1.000000 0.978347 1.000000 1.000000 -0.985003 0.808323 -1.000000 0.999554 0.999584 0.973335 1.000000 1.000000 -1.000000 0.060525 1.000000 0.879585 1.000000 
-0.019730 0.999999 0.967438 0.999999 -1.000000 1.000000 0.983018 -0.997224 0.011841 -1.000000 0.999711 0.999906 0.986803 1.000000 1.000000 -1.000000 -0.999984 1.000000 0.611489 1.000000 
-0.038818 0.999995 1.000000 1.000000 -1.000000 1.000000 1.000000 -0.988285 0.432896 -1.000000 0.999511 0.999657 0.981155 1.000000 0.998882 -1.000000 -0.999817 1.000000 0.867208 1.000000 
-0.056797 0.999997 1.000000 1.000000 -1.000000 1.000000 0.966772 -0.988248 0.369024 -1.000000 0.999503 0.999844 0.982484 1.000000 1.000000 -1.000000 -0.999844 1.000000 0.870213 1.000000 
-0.061512 0.999999 1.000000 1.000000 -1.000000 1.000000 1.000000 -0.990707 0.237644 -1.000000 0.996197 -0.999776 0.984678 1.000000 0.999993 -1.000000 -1.000000 1.000000 0.844551 1.000000 
-0.011204 0.999982 0.999894 1.000000 -1.000000 1.000000 -0.790189 -0.956420 0.770533 -1.000000 0.995676 0.996745 0.976766 1.000000 1.000000 -1.000000 -1.000000 1.000000 0.964381 1.000000 
0.032848 0.999996 1.000000 1.000000 -1.000000 1.000000 -0.897896 -0.992094 0.330671 -1.000000 0.999936 0.945969 0.982400 1.000000 1.000000 -0.994412 -1.000000 1.000000 0.814595 1.000000 
-0.011893 0.999960 0.999999 1.000000 -1.000000 1.000000 -0.819350 -0.984164 0.725318 -1.000000 0.997340 -0.967666 0.975584 1.000000 0.998852 -0.997840 -1.000000 1.000000 0.890838 1.000000 
-0.047968 0.999997 0.999965 0.999999 -1.000000 1.000000 -0.951156 -0.996553 0.090772 -1.000000 0.999993 -0.824286 0.985760 1.000000 1.000000 -0.999214 -1.000000 1.000000 0.654278 1.000000 
-0.153897 0.999999 0.999955 1.000000 -1.000000 1.000000 -0.956622 -1.000000 0.048442 -1.000000 0.999997 -0.917059 0.987306 1.000000 0.999992 0.999318 -1.000000 1.000000 0.980030 1.000000 
-0.160455 1.000000 0.999988 1.000000 -1.000000 1.000000 -0.916860 -1.000000 0.165667 -1.000000 0.999992 0.985104 0.988281 1.000000 1.000000 0.998911 -1.000000 1.000000 0.995974 1.000000 
-0.136505 1.000000 0.999997 1.000000 -1.000000 1.000000 -0.864106 0.996722 0.356303 -1.000000 1.000000 -0.690329 1.000000 1.000000 1.000000 0.993857 -1.000000 1.000000 0.995768 1.000000 
-0.016557 1.000000 1.000000 1.000000 -1.000000 1.000000 -0.785771 -1.000000 0.846389 -1.000000 1.000000 -0.740324 -0.999968 1.000000 0.998929 0.919769 -1.000000 1.000000 0.993015 1.000000 
-0.004015 0.999996 1.000000 1.000000 -1.000000 1.000000 -0.795591 -1.000000 0.867730 -1.000000 1.000000 0.999858 -0.999974 1.000000 1.000000 0.900526 -1.000000 1.000000 0.945882 1.000000 
0.107677 0.999289 0.999965 1.000000 -1.000000 1.000000 -0.951129 -1.000000 -0.873150 -1.000000 1.000000 -0.248252 -0.999981 1.000000 1.000000 0.999990 -1.000000 1.000000 0.957326 1.000000 
0.137321 0.230805 0.999999 1.000000 -1.000000 1.000000 -0.820919 -1.000000 0.824892 -1.000000 1.000000 0.999891 -0.999978 1.000000 1.000000 0.867872 -1.000000 1.000000 0.660518 1.000000 
0.176338 0.613291 0.999993 0.999999 -1.000000 1.000000 -0.903086 -1.000000 0.752690 -1.000000 1.000000 -0.257804 -0.999981 1.000000 0.999995 0.998561 -0.999978 1.000000 0.602708 0.999999 
0.145454 0.737720 1.000000 1.000000 -1.000000 1.000000 -0.817788 -1.000000 0.834530 -1.000000 1.000000 0.999922 -0.439911 1.000000 1.000000 0.189554 -0.999986 1.000000 0.999946 1.000000 
0.192333 0.999974 0.999997 1.000000 -1.000000 1.000000 -0.863451 -1.000000 -0.990096 -1.000000 1.000000 -0.494728 -0.821168 1.000000 1.000000 0.970102 -1.000000 1.000000 0.999994 1.000000 
0.135014 0.833360 0.999982 0.999999 -1.000000 1.000000 -0.935051 -1.000000 0.388008 -1.000000 1.000000 0.999817 -0.939846 1.000000 1.000000 0.995353 -0.999972 1.000000 0.999997 0.999962 
0.130362 -0.878234 0.999992 1.000000 -1.000000 1.000000 -0.908505 -1.000000 0.464539 -1.000000 1.000000 -0.225197 0.998893 1.000000 1.000000 0.997192 -0.999982 1.000000 0.999999 1.000000 
-0.012379 -0.679740 0.999992 1.000000 -1.000000 1.000000 -1.000000 -1.000000 0.460986 -1.000000 1.000000 0.753465 0.999095 1.000000 1.000000 0.998677 -0.999953 1.000000 0.999339 1.000000 
-0.068356 1.000000 0.999984 1.000000 -1.000000 1.000000 -1.000000 -1.000000 0.536545 -1.000000 1.000000 0.984168 0.994918 1.000000 1.000000 0.999808 -0.999927 1.000000 0.999165 1.000000 
-0.052084 -0.999945 0.999994 1.000000 -1.000000 1.000000 -1.000000 -1.000000 0.359907 -1.000000 1.000000 0.974043 0.982955 1.000000 1.000000 0.999697 -0.999945 1.000000 1.000000 1.000000 
-0.025329 -0.999986 0.999998 1.000000 -1.000000 1.000000 -1.000000 -1.000000 0.612023 -1.000000 1.000000 1.000000 0.947892 1.000000 1.000000 0.999592 -0.999960 1.000000 1.000000 0.999984 
-0.035095 -1.000000 0.999999 1.000000 -1.000000 1.000000 -1.000000 -1.000000 0.823621 -1.000000 1.000000 0.974599 -0.556855 1.000000 1.000000 0.998921 -0.999967 1.000000 1.000000 1.000000 
-0.045170 -1.000000 0.999996 1.000000 -1.000000 -0.998212 -0.999203 -1.000000 -0.998193 -1.000000 1.000000 0.360761 -0.572675 1.000000 1.000000 0.346657 -0.999944 -0.999980 1.000000 1.000000 
-0.025589 -1.000000 0.999980 1.000000 -1.000000 -0.994828 -0.999718 -0.999999 0.131626 -1.000000 1.000000 0.963707 -0.389652 1.000000 1.000000 -0.996321 -0.999917 -0.999991 0.999930 1.000000 
0.008494 -1.000000 0.999997 1.000000 -1.000000 -0.998413 -0.999073 -0.999999 0.424004 -1.000000 1.000000 0.693050 -0.602774 1.000000 1.000000 0.520528 -0.999947 -0.999983 0.999986 1.000000 
-0.006512 -1.000000 0.999999 1.000000 -1.000000 -0.999527 -0.997016 -0.999999 0.935000 -0.997025 1.000000 0.993173 -0.754862 1.000000 1.000000 0.976538 -0.999971 -0.999964 0.999999 0.999481 
-0.057636 -1.000000 0.999998 1.000000 0.999997 -0.998968 0.962048 -0.999999 -1.000000 -0.985663 1.000000 0.829890 -0.675191 1.000000 1.000000 0.999997 -0.999955 -0.999978 0.999995 1.000000 
0.028189 -1.000000 0.999694 1.000000 0.999999 -0.993190 -0.999795 -0.725715 -0.207329 -0.999559 1.000000 0.958457 -0.303793 1.000000 1.000000 0.998610 -0.999909 -0.999992 0.999491 0.994627 
0.058237 -1.000000 -0.999846 1.000000 0.999996 -0.999937 -0.997292 -0.372826 0.371290 -0.999701 1.000000 0.990584 -0.761498 1.000000 1.000000 0.999977 -0.999968 -0.999967 0.999999 0.973185 
0.002611 -1.000000 -0.999783 0.999999 0.999996 -0.999943 -0.997683 -0.549305 -0.244634 0.999385 1.000000 0.977800 -0.763656 1.000000 1.000000 0.999986 -0.999961 -0.999972 0.999996 -1.000000 
-0.047752 -1.000000 -0.999817 1.000000 0.999997 -0.999949 0.938438 -0.633442 -0.106163 0.999461 1.000000 0.217715 -0.875596 1.000000 1.000000 1.000000 -0.999936 -0.999985 -0.357197 -1.000000 
-0.036306 -1.000000 -1.000000 1.000000 0.999998 -0.999949 -0.996319 -0.626994 0.512404 0.999629 1.000000 0.968695 -0.990057 1.000000 1.000000 0.944757 -0.999924 -0.999989 0.999883 -1.000000 
-0.088285 -0.969227 -1.000000 1.000000 0.999998 -0.999947 -0.996657 -0.722032 -0.193604 0.999707 1.000000 -0.667728 -0.990948 1.000000 1.000000 0.860413 -0.999913 -0.999991 0.946537 -1.000000 
-0.076676 -0.986900 -1.000000 1.000000 0.999998 -0.999950 -0.996077 -0.315374 0.337915 0.999343 1.000000 0.312063 -0.988003 1.000000 1.000000 0.887145 -0.999944 -0.999986 0.999947 -1.000000 
-0.092740 -0.347983 -1.000000 0.999999 0.999998 -0.999937 -0.992056 -0.173197 0.751922 0.997444 1.000000 0.927477 -0.969351 1.000000 1.000000 0.908897 -0.999969 -0.999967 0.993380 -1.000000 
-0.075340 -1.000000 0.995658 1.000000 0.987212 -0.999950 -0.996904 -0.788349 0.978156 0.999526 1.000000 -0.289200 -0.990206 1.000000 1.000000 0.883055 -0.999935 -0.999989 0.928477 -1.000000 
-0.023883 -1.000000 0.995926 1.000000 0.989515 -0.999950 -0.996046 -0.741923 0.727594 0.999435 1.000000 1.000000 -0.988488 1.000000 1.000000 0.881248 -0.999996 -0.999987 0.925374 -1.000000 
-0.020611 -1.000000 -0.999984 1.000000 0.993555 -0.999948 -0.992614 -0.629540 0.872291 -0.976204 1.000000 0.784321 -0.981553 1.000000 1.000000 0.874981 -0.997812 -0.999981 0.897411 -1.000000 
-0.085023 -1.000000 -0.969741 0.999999 0.992351 -0.999949 -0.993700 -0.739831 -0.994172 -0.998635 1.000000 1.000000 -0.985078 1.000000 1.000000 0.867651 -0.971956 -0.999985 0.870793 -1.000000 
-0.110377 -1.000000 -0.899693 1.000000 0.988081 -0.999950 -0.996611 -0.776795 -0.994365 -0.999769 1.000000 -0.207351 -0.989667 1.000000 0.999378 0.881768 -0.946220 -0.999988 0.925654 -1.000000 
-0.070239 -1.000000 -0.691275 1.000000 1.000000 -0.999948 -0.998070 -0.893293 -0.993541 -0.999776 1.000000 1.000000 -0.992685 1.000000 0.999762 0.881104 -0.935057 -0.999147 0.904935 -1.000000 
-0.091768 -1.000000 -0.986045 0.999999 0.999831 0.999897 -0.993191 -0.380368 -1.000000 -0.999717 1.000000 1.000000 -0.977917 1.000000 0.999938 0.897709 -0.796740 -0.998273 0.956116 -1.000000 
-0.065626 -1.000000 -0.919499 1.000000 0.999734 1.000000 -0.996378 -0.716383 -1.000000 -0.999884 1.000000 -0.730461 -0.988765 1.000000 0.999427 0.886558 -0.242758 -0.999032 0.940043 -1.000000 
0.024035 -1.000000 -0.983361 1.000000 0.999815 1.000000 -0.993423 -0.446782 -0.999991 -0.999924 1.000000 0.999998 -0.979735 1.000000 0.999441 -0.126967 -0.742163 -0.998391 0.949756 -1.000000 
0.118326 -1.000000 -0.998900 1.000000 0.999790 1.000000 -0.981704 -0.147634 -0.987097 -0.999949 1.000000 0.999999 -0.922833 1.000000 0.998656 -0.441405 -0.889738 -0.992120 0.999998 -1.000000 
0.083525 -1.000000 -0.998834 0.999999 0.999535 1.000000 -0.973079 -0.624883 -0.995595 -0.999922 1.000000 1.000000 -0.906639 1.000000 0.998297 0.323974 -0.867487 -0.992681 -0.232788 -1.000000 
0.138781 -1.000000 -0.988030 1.000000 0.993256 1.000000 -0.987936 -1.000000 -0.999789 -0.303703 0.999989 0.999999 -0.818532 1.000000 0.999171 0.999410 -0.531882 -0.997969 0.600879 -1.000000 
0.096846 -0.999987 -0.998924 1.000000 0.999623 1.000000 -0.970111 -1.000000 -0.957368 -0.493589 0.999979 1.000000 -0.881023 1.000000 0.997345 -0.999999 -0.892218 -0.992321 -0.194896 -1.000000 
-0.029389 -0.999995 -0.983659 1.000000 0.985507 1.000000 -0.988840 -1.000000 -0.555270 -0.192470 0.999989 0.999999 -0.805831 1.000000 -0.999999 0.995776 -0.414733 -0.998149 0.721893 -1.000000 
-0.068572 -0.999998 -0.811136 0.999999 0.628451 1.000000 -0.997197 -1.000000 -0.880327 -0.362406 0.999991 0.999996 -0.773332 1.000000 0.907198 0.994024 -0.311606 -0.998925 0.998675 -1.000000 
-0.018609 -0.999997 -0.968881 1.000000 0.994681 1.000000 -0.994625 -1.000000 -0.774512 -0.714455 0.999960 0.999998 -0.828756 1.000000 0.999888 0.986387 -0.625561 -0.998724 -0.732517 -0.999999 
-0.083016 -0.999994 -0.995358 0.999999 0.999415 0.786187 -0.988918 -1.000000 -0.420476 -0.760726 0.599540 0.999999 -0.873601 1.000000 0.999944 0.848008 -0.781380 -0.996945 0.702230 -1.000000 
-0.084067 -0.999998 -0.896863 1.000000 0.960415 0.720398 -0.996632 -1.000000 -0.877855 -0.637189 0.871101 0.999996 -0.795313 1.000000 0.999845 0.732836 -0.227322 -0.999056 0.995500 -1.000000 
-0.028188 -0.999998 -0.895351 1.000000 0.959774 0.719416 -0.996660 -1.000000 -0.879303 -0.638610 1.000000 0.999996 -0.795129 1.000000 1.000000 0.999679 -0.466194 -0.999060 0.994481 -1.000000 
-0.080212 -0.999996 -0.971958 1.000000 0.993027 0.778480 -0.993683 -1.000000 -0.722420 -0.616001 1.000000 0.999998 -0.821415 1.000000 1.000000 0.998744 -0.591616 -0.998622 0.926009 -0.999999 
-0.142118 -0.999999 -0.781570 1.000000 0.771653 0.684441 -0.997578 -1.000000 -0.913764 -0.531093 1.000000 0.999995 -0.775614 1.000000 1.000000 0.999912 -0.184278 -0.999085 0.954488 -1.000000 
-0.099120 -0.999999 -0.831541 0.999995 0.948150 0.674959 -0.996466 -0.999999 -0.928242 -0.737414 1.000000 0.999995 -0.794322 1.000000 1.000000 0.999581 -0.405706 -0.999213 0.948924 -0.999936 
-0.057384 -0.999997 -0.977203 0.999995 0.997519 0.725094 -1.000000 0.263505 -0.769403 -0.797270 1.000000 0.999998 -0.846246 1.000000 1.000000 0.999924 -0.682062 -0.998616 0.979204 -0.999999 
-0.085367 -0.999996 -0.983827 0.999993 0.997801 0.759869 -1.000000 0.228059 -0.686932 -0.893566 1.000000 0.999998 -0.846220 1.000000 1.000000 0.996628 -0.597134 -0.998363 0.910949 -1.000000 
-0.012227 -0.999998 -0.864200 0.999990 0.930954 0.709400 -1.000000 1.000000 -0.894069 -0.989382 1.000000 0.999996 -0.788012 1.000000 0.997934 0.999938 -0.999999 -0.999089 0.994906 -1.000000 
-0.008185 -0.999995 -0.992261 0.999990 0.998810 1.000000 -0.967826 1.000000 -0.511144 -0.998851 1.000000 0.999996 -0.857330 1.000000 0.998301 0.999922 -0.999998 -0.997663 -0.995699 -0.999993 
-0.032040 -0.991390 -0.810545 0.999982 0.982618 1.000000 -1.000000 1.000000 0.730349 -1.000000 1.000000 0.981833 -0.804868 1.000000 0.998289 0.999991 0.999127 -0.998723 -0.998050 -1.000000 
-0.034014 -0.993257 -0.501914 0.999988 0.992166 1.000000 -1.000000 1.000000 0.852972 -0.999998 1.000000 0.981354 -0.819432 1.000000 0.998139 -0.703156 0.999311 -0.998667 -0.998975 -1.000000 
0.017035 -0.996197 -0.401715 0.999991 0.997781 1.000000 -1.000000 1.000000 0.939571 -1.000000 1.000000 0.976624 -0.844760 1.000000 0.998164 -0.797315 0.999227 -0.998233 -0.979403 -1.000000 
-0.024529 -0.997654 -0.446291 0.999986 0.998564 1.000000 -0.988551 1.000000 0.943162 -1.000000 1.000000 -0.931529 -0.851981 1.000000 0.998400 -0.781422 0.999119 -0.997563 -0.999210 -1.000000 
0.027239 -0.990876 -0.569917 0.999985 0.983540 1.000000 -1.000000 1.000000 0.756498 -1.000000 1.000000 -0.928741 -0.806282 1.000000 0.998198 0.968157 0.999417 -0.998778 -0.998783 -1.000000 
0.074046 -0.998447 -0.416694 0.999949 0.999319 1.000000 -1.000000 1.000000 0.966325 -0.999999 1.000000 -0.932620 -0.868593 1.000000 0.998496 0.192435 0.999030 -0.996583 -0.999056 -1.000000 
0.069859 0.998341 -0.459632 0.999924 0.987311 0.999995 -0.997000 1.000000 0.972575 -1.000000 1.000000 -0.929659 -0.880108 1.000000 0.998697 -0.806772 0.998900 -0.994535 -0.996636 -1.000000 
0.072367 0.997561 -0.536859 0.999937 0.997948 0.999999 -1.000000 1.000000 0.911358 -1.000000 1.000000 -0.926112 -0.844251 1.000000 1.000000 0.223869 0.999060 -0.997282 -0.999435 -1.000000 
0.077333 0.997873 -0.503928 0.999933 0.998952 1.000000 -1.000000 1.000000 0.941820 -0.999994 1.000000 -0.927270 -0.857449 1.000000 1.000000 -0.528940 0.996404 -0.996583 -0.986891 -1.000000 
0.059493 0.996737 -0.635518 0.999934 0.984390 0.999999 -0.990948 1.000000 0.776011 -0.987182 1.000000 -0.922375 -0.817174 1.000000 1.000000 0.280824 0.495957 -0.998047 -0.999255 -1.000000 
0.001350 0.999598 -0.510947 1.000000 0.998816 0.999923 -1.000000 -0.912940 0.926121 -0.996260 1.000000 -0.927539 -0.848708 1.000000 1.000000 0.999936 0.568195 -0.997215 -0.999451 -1.000000 
0.008760 0.633937 -0.591406 1.000000 0.985836 -0.983876 -1.000000 -0.963934 0.751885 -0.988268 1.000000 -0.927213 -0.807848 1.000000 1.000000 0.999999 0.333992 -0.998648 -0.936819 -1.000000 
-0.050633 0.720793 -0.439485 0.999999 0.998210 -0.998023 -1.000000 -0.911174 0.942220 -0.996114 1.000000 -0.932025 -0.850593 1.000000 1.000000 0.980037 0.496839 -0.997699 -0.999167 -0.645586 
0.004043 0.621353 -0.660618 0.999999 0.999875 -0.991802 -0.927788 -0.983107 0.453604 -0.974005 1.000000 -0.926160 -0.784707 1.000000 0.999999 -0.425601 0.104313 -0.999001 -0.997955 0.474904 
0.012768 0.796411 -0.363697 1.000000 0.999547 -0.999993 -1.000000 -0.853424 0.978530 -0.998268 1.000000 -0.935823 -0.878669 1.000000 1.000000 0.130714 0.467509 -0.996219 -0.999328 -0.794846 
0.057770 0.739439 -0.425453 1.000000 0.492657 -1.000000 -0.471579 -0.899641 0.831468 -0.996773 1.000000 -0.932481 -0.999990 1.000000 1.000000 0.999931 -0.962754 -0.997395 -0.998922 -0.718563 
0.070286 0.778601 -0.467299 1.000000 0.999042 -1.000000 0.980810 -0.885489 -0.999721 -0.997857 1.000000 -0.929437 -0.999997 1.000000 1.000000 -0.701185 -0.989124 -0.996352 1.000000 -0.876697 
0.133421 0.999998 -0.476364 0.999989 0.999930 -1.000000 0.915271 -0.878726 0.959464 -0.999141 1.000000 -0.928637 1.000000 1.000000 1.000000 -0.986606 -0.366343 -0.995858 0.999972 -0.902851 
0.069644 0.999985 -0.565270 1.000000 0.999253 -1.000000 0.887846 -0.886194 -0.959087 -0.997323 1.000000 -0.921506 1.000000 1.000000 1.000000 0.999991 -0.999334 -0.994806 0.999959 -0.961962 
0.030132 0.999998 -0.668219 1.000000 -0.296121 -1.000000 0.950188 -0.963168 0.683551 -0.995334 1.000000 -0.921646 1.000000 1.000000 1.000000 0.995836 0.436134 -0.998300 0.999935 -0.661588 
-0.001337 0.999999 -0.612049 1.000000 0.102080 -1.000000 0.808946 -0.960801 -0.999948 -0.995140 1.000000 -0.925432 1.000000 1.000000 1.000000 0.999998 0.204422 -0.998471 0.999950 -0.476832 
-0.048778 0.999998 -0.521704 1.000000 0.998732 -1.000000 -0.998627 -0.948202 0.859898 -0.915327 1.000000 -0.929558 1.000000 1.000000 1.000000 0.989705 -0.997285 -0.998443 0.999965 -0.404037 
-0.168779 0.999999 -0.546425 1.000000 -0.253152 -1.000000 -0.104636 -0.967519 0.816966 -0.995458 1.000000 -0.930148 1.000000 0.631700 1.000000 -0.999969 -0.226119 -0.998881 0.999964 0.130033 
-0.127170 1.000000 -0.854286 1.000000 0.970354 -0.999987 0.039012 -0.998473 -0.999999 -0.986742 1.000000 -0.913537 1.000000 1.000000 0.999998 -0.999942 -0.998963 -0.999856 0.999904 0.958604 
-0.114636 0.999998 -0.268004 0.999999 -0.157169 -1.000000 -0.185863 -0.997360 0.960893 -0.996822 1.000000 -0.940342 1.000000 -0.815523 1.000000 -0.999996 0.141282 0.637840 0.999986 -1.000000 
0.043307 0.999999 -0.406630 1.000000 0.999246 -1.000000 -0.167633 -1.000000 0.777016 -1.000000 1.000000 -0.935728 1.000000 0.723781 1.000000 -0.999990 -0.997852 0.836983 0.999978 0.551853 
0.062073 0.999596 -0.637722 1.000000 0.994218 -1.000000 -0.886519 -1.000000 -0.994971 -1.000000 1.000000 -0.951266 1.000000 1.000000 1.000000 -1.000000 -0.324674 -0.726972 0.999989 -0.968103 
0.105456 0.999996 -0.562241 1.000000 -0.926297 -1.000000 -0.536901 -1.000000 0.875799 -0.999999 1.000000 -0.925618 1.000000 -1.000000 0.999999 -0.999983 0.999967 0.841535 0.999958 -0.779212 
0.055506 0.999999 -0.808266 1.000000 -0.062044 -0.999999 -0.588067 -1.000000 -0.999984 -0.999987 1.000000 -0.913294 1.000000 -1.000000 0.999997 -0.999937 0.993378 0.983004 0.999869 -0.599262 
0.065005 0.999999 -0.694261 1.000000 -0.988010 -1.000000 -0.508742 -1.000000 0.571883 -1.000000 1.000000 -0.921364 1.000000 -1.000000 0.999999 -0.999965 0.978572 0.951403 0.985835 -0.524622 
-0.078179 0.999996 -0.549349 1.000000 -0.993173 -1.000000 -0.544624 -1.000000 0.919778 -0.999999 1.000000 -0.925911 1.000000 -0.999998 0.999999 -0.999985 0.798796 0.791603 0.977397 -0.849613 
-0.084928 0.999998 -0.366560 1.000000 -0.996811 -1.000000 -0.312231 -1.000000 -0.999739 -0.999999 1.000000 -0.936457 1.000000 -0.999995 0.999999 -0.999993 0.878814 0.670178 0.438882 -0.018952 
-0.023499 0.999999 -0.444238 1.000000 0.998680 -0.999995 -0.999385 -1.000000 0.990435 -0.999997 1.000000 -0.934112 1.000000 -0.999984 0.999999 -0.999989 0.955825 0.815414 0.999972 0.089851 
0.014805 0.999997 -0.435153 1.000000 0.998340 -0.999999 -0.999486 -0.997401 0.993334 -1.000000 1.000000 -0.933047 1.000000 -0.999995 0.999999 -0.999990 0.999983 0.724444 0.999892 -0.887588 
0.008749 0.999997 -0.484059 1.000000 0.998233 -0.999999 -0.999401 -0.998013 0.991363 -0.999999 1.000000 -0.930236 1.000000 -1.000000 0.999999 -1.000000 0.999999 0.733541 0.999898 -0.834621 
-0.070358 0.999998 -0.756733 1.000000 0.998365 -0.999998 -0.999288 -0.997380 0.987649 -0.999998 1.000000 -0.929383 1.000000 -0.999994 0.999999 -0.999985 1.000000 0.785829 0.999898 -0.726661 
-0.060921 1.000000 -1.000000 1.000000 0.999000 -0.999655 -0.994211 -0.982482 0.798046 -0.999961 0.999982 -0.999766 1.000000 -0.844494 0.999992 -1.000000 1.000000 0.983942 0.999894 0.576831 
-0.073778 0.999998 -1.000000 1.000000 0.998518 -0.999998 -0.999481 -1.000000 0.992971 -1.000000 0.999944 -0.999508 1.000000 -0.999996 0.999999 -0.999990 0.999999 -0.999253 0.999886 -0.999998 
-0.058761 0.999999 -1.000000 1.000000 0.998633 -0.999996 -0.999399 -1.000000 0.990769 -0.999998 0.999945 -0.999543 1.000000 -1.000000 0.999974 0.980483 1.000000 -0.378247 0.999884 0.241286 
-0.062191 0.999996 -1.000000 1.000000 -0.996619 -1.000000 -0.999647 -1.000000 0.996861 -1.000000 0.999923 -0.999453 1.000000 -0.999994 1.000000 0.996724 1.000000 -0.010874 0.999889 -0.258728 
0.026481 0.999999 -1.000000 1.000000 -0.993433 -1.000000 -0.999590 -1.000000 0.989948 -1.000000 0.999952 -0.999537 1.000000 -0.999996 0.999979 -0.999013 0.471266 -0.443156 0.999850 0.096946 
-0.035483 0.999994 -1.000000 1.000000 -1.000000 -1.000000 -0.999961 -0.999485 0.994595 -1.000000 0.999969 -0.999403 1.000000 -1.000000 1.000000 0.987778 1.000000 -0.516046 0.999857 -0.836698 
-0.100958 1.000000 -0.999363 1.000000 -1.000000 -1.000000 -0.998063 -0.999999 0.853954 0.995290 0.999984 -0.999716 1.000000 -0.999804 0.999917 0.995011 1.000000 -0.889353 -0.983540 0.458684 
-0.180517 1.000000 -0.999340 1.000000 -0.374427 -1.000000 -0.997774 -1.000000 0.819599 -0.999985 0.999977 -0.999788 1.000000 -1.000000 0.999991 0.999999 -0.956414 -0.849213 -0.972781 -0.813526 
-0.141636 1.000000 -0.999385 1.000000 -0.424104 -1.000000 -0.998974 -0.999664 0.930653 -0.999996 -0.999230 -0.999792 1.000000 -0.999999 0.999883 -0.999593 1.000000 -0.592479 0.558991 -0.978448 
-0.146767 0.999997 -1.000000 1.000000 -0.895938 -1.000000 -1.000000 -1.000000 0.998618 -1.000000 -0.999951 -0.999484 1.000000 -1.000000 1.000000 0.913352 1.000000 0.601460 1.000000 -0.802072 
-0.089636 0.999999 -1.000000 1.000000 -0.843298 -1.000000 -1.000000 -1.000000 0.999973 -1.000000 -0.999913 -0.999536 1.000000 -0.999716 0.999982 -0.998874 1.000000 0.347001 -0.956760 0.297923 
-0.021509 0.999999 -1.000000 1.000000 -0.794671 -1.000000 -1.000000 0.999927 0.999973 -1.000000 -0.999805 -0.999545 1.000000 -0.999997 1.000000 0.999865 -0.025082 -0.254437 1.000000 -0.418411 
0.045988 0.999998 -1.000000 1.000000 -0.796969 -1.000000 -1.000000 -0.999970 0.999974 -1.000000 -0.999720 -0.999496 1.000000 -1.000000 0.999975 0.999999 1.000000 -0.574565 -0.984578 -0.903723 
0.040908 0.999995 -1.000000 1.000000 -0.832402 -1.000000 -1.000000 -0.999986 0.999975 -1.000000 -0.999719 -0.999412 1.000000 -0.999364 1.000000 0.999997 1.000000 -0.689810 0.999999 -0.930737 
0.015255 0.999991 -1.000000 1.000000 -0.885406 -1.000000 -1.000000 -0.999983 0.999976 -1.000000 -0.999854 -0.999377 1.000000 -1.000000 0.999992 0.986919 0.077885 0.999996 -0.984996 -0.904642 
0.018727 0.999998 -1.000000 1.000000 -0.754368 -1.000000 -1.000000 -0.999983 0.999974 -1.000000 0.989387 -0.999502 1.000000 -0.101822 0.999999 0.999999 1.000000 0.999996 1.000000 -0.524604 
0.074604 0.999997 -1.000000 1.000000 -0.807068 -1.000000 -1.000000 -1.000000 0.999974 -1.000000 0.990451 -0.999455 1.000000 -1.000000 0.999987 -1.000000 1.000000 0.999996 -0.988298 -0.751978 
0.103225 0.999971 -1.000000 1.000000 -0.930614 -1.000000 -1.000000 -0.999978 0.999977 -1.000000 -0.999906 -0.999353 1.000000 0.886190 1.000000 -0.803013 -0.051798 1.000000 1.000000 -0.972199 
0.048176 0.999980 -1.000000 1.000000 -0.899498 -1.000000 -1.000000 -0.999899 0.999976 -1.000000 0.994316 -0.999336 1.000000 0.385551 0.999996 -1.000000 1.000000 1.000000 -0.991838 -0.957899 
0.046220 0.999999 -1.000000 1.000000 -0.676957 -1.000000 -1.000000 -0.999956 0.999973 -1.000000 0.988535 -0.999534 1.000000 0.412701 0.999999 -1.000000 1.000000 1.000000 -0.981510 -0.513315 
0.020050 0.999998 -1.000000 1.000000 -0.741000 -1.000000 -1.000000 -0.999950 0.999974 -1.000000 -0.999441 -0.999486 1.000000 -1.000000 0.999983 -1.000000 0.906776 1.000000 1.000000 -0.647719 
-0.024076 0.999999 -1.000000 1.000000 -0.691251 -1.000000 -1.000000 -0.999956 0.999973 -1.000000 0.988413 -0.999547 1.000000 -0.995307 0.999999 -0.999990 0.999426 1.000000 -0.988997 -0.434293 
-0.054144 0.999997 -1.000000 1.000000 -0.838396 -1.000000 -1.000000 -0.999942 0.999974 -1.000000 0.988764 -0.999461 1.000000 -0.999866 0.999987 -0.999933 0.999710 1.000000 1.000000 -0.999019 
-0.041961 0.999998 -1.000000 1.000000 -0.834066 -0.999997 -1.000000 0.352858 1.000000 -1.000000 -0.999865 -0.999486 1.000000 0.605658 1.000000 -1.000000 0.999743 1.000000 0.746859 -0.999123 
0.008241 0.999999 -1.000000 1.000000 -0.744842 -0.999941 -1.000000 0.433066 1.000000 -1.000000 0.985394 -0.999554 1.000000 -1.000000 0.999975 -1.000000 0.999652 1.000000 0.586209 -0.999166 
0.005519 0.999990 -1.000000 1.000000 -0.905574 -0.999999 -1.000000 0.298982 1.000000 0.908023 0.991131 -0.999386 0.999985 0.971038 1.000000 -1.000000 0.999860 1.000000 0.235380 -0.999999 
0.028879 0.999976 -1.000000 1.000000 -0.678421 -0.999992 -1.000000 -0.999942 1.000000 0.914485 -0.978296 -0.999569 0.999955 0.999931 0.999970 -1.000000 0.999820 1.000000 -0.023779 -1.000000 
0.006193 0.995129 -1.000000 1.000000 -0.896984 -0.999585 -1.000000 -0.999770 1.000000 0.904548 0.999999 -0.999378 0.999985 0.999898 0.996140 -1.000000 0.999951 1.000000 0.966701 -1.000000 
-0.006907 0.998820 -1.000000 1.000000 -0.743370 -0.999995 -1.000000 -0.999919 1.000000 0.915084 0.999999 -0.999519 0.999964 0.999628 0.618565 0.874459 1.000000 1.000000 0.849071 -1.000000 
-0.064858 0.999260 -1.000000 1.000000 -0.678909 -0.999588 -1.000000 -0.999938 1.000000 0.916176 0.999999 -0.999928 -0.995310 0.999991 0.802962 -0.999936 1.000000 1.000000 0.769938 -1.000000 
-0.034578 0.999201 -1.000000 1.000000 -0.709563 -0.999971 -1.000000 -0.999903 1.000000 0.924102 0.999982 -1.000000 -0.995984 0.974514 0.665876 -1.000000 1.000000 1.000000 0.819348 -1.000000 
-0.046827 0.998187 -1.000000 1.000000 -0.815309 -0.999997 -1.000000 -0.999849 1.000000 0.920907 0.993006 -1.000000 -0.994773 0.999996 1.000000 -0.995507 0.252484 1.000000 0.916253 -1.000000 
-0.051805 0.997079 -1.000000 1.000000 -0.871060 -0.999998 -1.000000 -0.999750 1.000000 0.921429 0.999116 -1.000000 -0.992923 0.999996 1.000000 -0.241791 1.000000 -0.998485 0.952668 -1.000000 
0.000000 0.999121 -1.000000 1.000000 -0.720961 -0.999977 -0.999999 -0.999905 1.000000 0.922710 0.994165 -1.000000 -0.995921 0.994123 1.000000 -0.999180 1.000000 -0.998789 0.763781 -1.000000 
0.043546 0.996386 -1.000000 1.000000 -0.878613 -0.999999 -1.000000 -0.999785 1.000000 1.000000 0.999971 -1.000000 -0.993252 0.999997 1.000000 -0.439187 1.000000 -0.998676 -0.992978 -1.000000 
0.077865 0.996179 -1.000000 1.000000 -0.869258 -0.999993 -1.000000 -0.999836 1.000000 0.904448 0.994848 -1.000000 -0.994000 0.999984 1.000000 -0.999257 1.000000 -0.998817 -0.999996 -1.000000 
0.081027 0.993926 -1.000000 1.000000 -0.900456 -0.999225 -1.000000 -0.999801 1.000000 1.000000 0.996089 -1.000000 -0.993059 0.884484 0.999989 -0.443829 1.000000 -0.998877 -0.999994 -1.000000 
0.063485 0.995580 -1.000000 1.000000 0.999985 -0.999999 -1.000000 -0.999857 1.000000 0.895798 0.995435 -1.000000 -0.994227 0.999997 0.999986 -0.999571 1.000000 -0.998918 -0.995516 -1.000000 
0.035142 0.999380 -1.000000 1.000000 0.999997 -0.999975 -0.999999 -0.999965 1.000000 0.999999 0.989466 -1.000000 -0.996040 0.999696 0.999956 0.054395 1.000000 -0.999082 -0.999998 -1.000000 
0.015132 0.998243 -1.000000 1.000000 0.999995 -0.999908 -1.000000 -0.999910 1.000000 0.910222 0.995277 -1.000000 -0.995486 0.999994 0.999979 -0.994602 1.000000 -0.998894 -0.999999 -1.000000 
0.026641 0.997985 -1.000000 1.000000 0.999994 -0.999997 -1.000000 -0.999884 1.000000 1.000000 0.999422 -1.000000 -0.995125 0.920888 0.999983 -0.046340 -0.991030 -0.998819 -0.994325 -1.000000 
0.038074 0.993020 -1.000000 1.000000 0.999980 -0.998347 -1.000000 -0.999660 0.999999 0.899868 0.997296 -1.000000 -0.990403 0.999997 0.999993 -0.997263 -0.994326 -0.998675 -0.999992 -1.000000 
0.034906 0.994720 -1.000000 -0.974211 0.999986 -0.999999 -1.000000 -0.999767 1.000000 0.999955 0.996882 -1.000000 -0.992602 0.999993 0.999990 -0.417748 -0.993185 -0.998757 -0.999999 -1.000000 
0.065597 0.999479 -1.000000 -0.951970 0.999997 -0.999990 -0.999999 -0.999962 1.000000 0.908859 0.992818 -0.999980 -0.996209 0.986231 0.999957 -0.999450 0.999632 -0.999051 -0.999684 -1.000000 
0.054707 0.995451 -1.000000 -0.960223 0.999988 -0.847305 -1.000000 -0.999713 1.000000 0.929971 0.999972 -0.999988 -0.993869 0.999997 0.999988 -0.476064 0.978754 -0.998868 -0.999996 -1.000000 
0.009535 -0.188817 0.878627 1.000000 0.999995 0.692617 -0.999999 -0.071622 1.000000 0.999968 0.992483 -0.999985 -0.995675 0.996515 0.999976 -0.999250 1.000000 -0.999756 -1.000000 -1.000000 
-0.039438 0.284699 0.912719 -0.921198 0.999994 0.998741 -0.999173 -0.044943 1.000000 0.913939 0.998853 -0.999985 -0.995020 0.999996 0.999984 -0.310897 1.000000 -0.664743 -1.000000 -1.000000 
-0.022563 0.718189 0.945376 0.999813 0.999997 0.998559 -0.999441 -0.212003 1.000000 1.000000 1.000000 -0.999981 -0.995697 0.999836 0.999981 -0.998501 1.000000 -0.590497 -1.000000 -1.000000 
-0.062849 0.841793 0.921031 0.990980 0.999997 0.999062 -0.999531 -0.274205 1.000000 0.919491 1.000000 -0.016018 -0.996084 -0.899333 0.999975 -0.036976 1.000000 -0.525138 -1.000000 -1.000000 
-0.046469 0.716852 -0.801551 0.999646 0.999997 0.296615 -0.999459 -0.221252 1.000000 0.999973 1.000000 -0.999980 -0.995627 -0.920355 0.999982 -0.996922 1.000000 -0.598649 -0.978030 -1.000000 
-0.063623 0.194511 0.601964 0.994614 0.999994 0.984011 -0.999151 -0.027948 1.000000 0.922461 1.000000 0.644460 -0.994293 -0.921187 0.999939 -0.132894 1.000000 -0.702232 -0.970626 -0.999995 
-0.006143 -0.723769 0.692885 1.000000 0.999997 -0.999997 -0.999460 -0.221705 1.000000 1.000000 1.000000 0.557614 -0.995625 -0.919689 1.000000 -0.998670 1.000000 -0.598818 -0.978036 -0.999700 
0.030065 -0.587441 0.149397 -0.998291 0.999984 -0.999699 -0.998210 0.425446 0.999999 0.909747 -0.066236 0.709019 0.587797 -0.894411 1.000000 -0.452268 1.000000 -0.815907 -0.949889 -0.999836 
0.055369 -0.672444 -0.999416 1.000000 0.999992 -0.998902 -0.998988 0.083163 1.000000 0.999932 0.048633 -0.976681 0.965773 -0.937647 1.000000 -0.999649 1.000000 -0.701588 -0.967904 -0.999847 
0.027379 -0.671443 -0.999242 1.000000 0.999992 -0.998956 -0.998997 0.999835 1.000000 0.904383 0.071183 -0.999987 0.969288 -0.943319 0.999421 -0.425754 1.000000 -0.669813 -0.968481 -1.000000 
0.037024 -0.753598 0.829213 1.000000 0.999996 -0.997496 -0.999474 0.999967 1.000000 0.924419 0.176318 0.545617 0.986093 -0.944778 0.999593 -0.998728 1.000000 -0.999474 -0.980251 -1.000000 
-0.015727 -0.715276 -0.952415 1.000000 0.999995 -0.998326 -0.999268 0.999972 1.000000 0.999998 0.112924 0.609463 0.979309 -0.945747 0.999938 -0.999999 1.000000 -0.999373 -0.974998 -1.000000 
-0.003409 -0.735874 -0.956615 1.000000 0.999996 0.786872 -0.999368 0.999976 1.000000 0.999998 0.106704 -0.055437 0.979594 -0.934411 -0.274980 -0.999998 1.000000 -0.999406 -0.976567 -1.000000 
-0.016352 -0.643587 -0.977012 1.000000 0.999990 0.835981 -0.998749 0.999985 1.000000 -0.955655 -0.015594 -0.999988 0.944807 -0.920517 0.999975 -0.999997 1.000000 -0.998887 -0.961842 -1.000000 
0.011598 -0.718261 -0.998060 1.000000 0.999995 0.794153 -0.999266 0.978385 1.000000 0.999882 0.073054 0.615393 0.974762 -0.999936 -0.340139 -0.999990 1.000000 -0.999343 -0.973965 -0.999993 
0.016382 -0.690620 -0.934640 1.000000 0.999994 0.792392 -0.999103 -0.013700 1.000000 0.999880 0.054629 0.649889 0.969470 0.967760 0.999494 -0.999640 1.000000 -0.999250 -0.970414 -1.000000 
0.027326 -0.707306 -0.999406 1.000000 0.999994 0.777991 -0.999211 -0.066351 0.999998 0.999876 0.083090 -0.999629 0.975228 0.976241 -0.310085 -0.999589 1.000000 -0.999343 -0.973177 -0.995167 
0.055663 -0.701829 -0.999343 1.000000 0.999994 0.773859 -0.999182 -0.076711 0.978961 0.999874 0.084425 -0.938283 0.974921 0.976202 0.999896 -0.999578 1.000000 -0.999356 -0.972641 -1.000000 
0.068518 -0.550477 0.474906 1.000000 0.999976 0.892544 -0.997776 -0.989778 0.999999 0.999888 -0.018791 -0.990578 0.884539 0.818358 0.999428 -0.999782 1.000000 -0.997866 -0.940219 -0.975740 
0.056307 -0.669196 -0.961418 1.000000 0.999992 0.772189 -0.998990 -0.990447 1.000000 0.999870 0.080968 -0.964923 0.970421 0.971023 -0.259718 -0.999569 1.000000 -0.999231 -0.968502 -1.000000 
0.054287 -0.713119 -0.947633 1.000000 0.999995 0.743678 -0.999265 -0.993353 0.999998 0.999999 1.000000 -0.942157 0.980511 0.984403 0.288806 -0.999972 1.000000 -0.999434 0.998561 -1.000000 
0.046846 -0.705234 -0.951996 1.000000 0.999994 0.751054 -0.999217 -0.992831 0.999998 0.999999 1.000000 -1.000000 0.978577 0.981892 0.999953 -0.999973 1.000000 -0.999490 0.998657 -0.998156 
0.008103 -0.716558 -0.946916 1.000000 0.999995 0.749093 -0.999280 -0.967537 0.999997 0.999999 1.000000 -1.000000 0.980449 0.984104 -0.139988 -0.999972 1.000000 -0.999626 0.998617 -1.000000 
0.049709 -0.671274 0.639754 1.000000 0.999992 0.808774 -0.998968 -0.141206 0.999997 0.999999 1.000000 -1.000000 0.961519 0.955427 0.999181 -0.999984 1.000000 -0.999607 0.999190 -0.974431 
0.057121 -0.552512 -0.970521 1.000000 0.999976 0.892120 -0.997802 -0.974492 0.999998 0.999998 1.000000 -1.000000 0.883832 0.817835 0.999721 -0.999989 1.000000 -0.998387 0.999562 -1.000000 
0.104467 -0.694501 -0.999403 0.630058 1.000000 0.757389 -0.999152 -0.069081 0.999998 0.999999 1.000000 -1.000000 -0.982989 0.978872 0.579795 -0.999972 1.000000 -0.999373 0.998730 -0.999989 
0.091277 -0.567640 -0.998760 0.336753 0.999979 0.865122 -0.998047 -0.979444 1.000000 0.999998 0.999998 -1.000000 -0.992675 0.891266 0.998521 -0.999982 1.000000 -0.998471 0.999369 -1.000000 
0.093731 -0.738196 0.963714 0.698876 1.000000 0.999999 -0.999423 -0.204369 0.999998 0.999999 0.999999 -1.000000 -0.998390 0.992564 0.999998 -0.999955 1.000000 -0.999538 0.997776 -0.999997 
0.075782 -0.648664 -0.943075 0.527181 0.999992 0.972302 -0.998858 -0.989312 0.999998 0.999999 0.999999 -1.000000 -0.989774 0.966884 -0.237004 -0.999972 1.000000 -0.999464 0.998851 -0.999996 
0.114605 -0.601527 -0.997557 0.437580 1.000000 0.999996 -0.998419 0.015704 1.000000 0.999998 0.999999 -1.000000 -0.975617 0.922892 0.999795 -0.999982 1.000000 -0.999166 0.999276 -1.000000 
0.057480 -0.578882 -0.999261 0.356693 1.000000 0.865339 -0.998199 -0.981896 1.000000 0.999998 0.999998 -1.000000 -0.960217 0.913844 0.517649 -0.999979 1.000000 -0.998731 0.999268 -0.999811 
0.053051 -0.727981 0.599041 0.689075 1.000000 0.999999 -0.999350 -0.139691 0.999999 0.999999 1.000000 -1.000000 -0.997958 0.988068 1.000000 -0.999967 1.000000 -0.999520 0.998388 -1.000000 
0.019234 -0.754443 -0.912162 0.735411 1.000000 0.738916 -0.999488 -0.995534 1.000000 0.999999 1.000000 -1.000000 -0.998886 0.992405 -0.026399 0.826777 1.000000 -0.999692 0.998106 -0.998684 
0.023076 -0.746689 -0.974040 0.730427 0.999996 0.999999 -0.999436 -0.150078 0.999997 0.999457 1.000000 -1.000000 -0.998655 0.988284 0.886842 0.860321 0.999833 -0.999843 0.998588 -1.000000 
-0.017085 -0.597982 -0.120336 0.465117 1.000000 0.896357 -0.998342 -0.980199 1.000000 0.998712 0.999995 -1.000000 -0.975731 0.885885 0.999181 0.911230 0.999993 -0.999411 0.999456 -0.880401 
-0.041568 -0.711653 -0.999414 0.684841 0.999996 0.999999 -0.999226 -0.025410 0.999999 0.999340 0.999995 -1.000000 -0.997123 0.971076 1.000000 0.898813 0.999962 -0.999400 0.999102 -1.000000 
-0.038415 -0.791015 -0.999314 0.813381 1.000000 0.974679 -0.999647 -0.995793 1.000000 0.999647 0.999996 -1.000000 -0.999574 0.992093 1.000000 0.870012 0.999765 -0.999606 0.998731 -0.999487 
0.041573 -0.762606 0.815243 0.769864 1.000000 1.000000 -0.999507 -0.110572 0.999997 0.999548 0.999996 -1.000000 -0.999085 0.986042 1.000000 0.887641 0.999901 -0.999764 0.998924 -1.000000 
0.022332 -0.522937 -0.986890 0.285712 1.000000 0.937237 -0.997324 -0.942744 1.000000 0.998059 0.999996 -0.997970 -0.906930 0.699939 1.000000 0.918320 0.999998 -0.998897 0.999665 -0.753225 
0.055022 -0.654917 -0.973890 0.573036 1.000000 0.999996 -0.998854 0.008907 0.999998 0.999047 0.999995 -0.996199 -0.991224 -0.841644 1.000000 0.897678 0.999979 -0.999069 0.999210 -1.000000 
0.099154 -0.607781 -0.953028 0.464278 1.000000 -0.616907 -0.998466 0.804524 0.999998 0.998738 0.999994 -0.997242 -0.895132 -0.997898 1.000000 0.999999 0.999986 -0.998698 0.999319 -0.999998 
0.150910 -0.671252 -0.992856 0.570479 1.000000 0.869189 -0.999029 0.086950 0.999999 0.999061 0.999993 -0.996355 -0.960018 0.967500 1.000000 0.999999 0.999895 -0.999284 0.998587 -1.000000 
0.058243 -0.600491 -0.999908 0.384763 1.000000 0.999980 -0.998482 0.178143 1.000000 0.998554 0.999992 0.997258 -0.931830 -0.999963 1.000000 0.999999 0.999945 -0.998898 0.998918 -0.994417 
0.023555 -0.765588 0.533076 0.753226 1.000000 -0.589584 -0.999545 -0.162093 0.999998 0.999507 0.999994 0.999061 -0.981703 -0.999821 1.000000 0.999999 0.999552 -0.999572 0.997857 -1.000000 
-0.007829 -0.742618 0.594513 0.722674 1.000000 0.916086 -0.999416 0.056796 0.999999 0.999438 0.999995 0.999208 -0.971616 -0.999405 1.000000 0.999999 1.000000 -0.999712 0.998586 -0.995691 
0.027290 -0.706710 0.603808 0.673694 1.000000 0.999998 -0.999940 0.291396 1.000000 0.999313 0.999995 0.999309 0.999895 -0.999428 1.000000 0.999999 0.999961 -0.999753 0.999080 -1.000000 
0.038751 -0.583256 0.167340 0.432487 1.000000 -0.268846 -0.999894 0.498380 0.999999 0.998604 0.999987 -1.000000 0.999967 -0.999514 1.000000 0.999999 0.999998 -0.998928 0.999500 -0.969475 
0.104586 -0.582597 0.123170 0.422790 1.000000 -0.820982 -0.999909 0.512136 0.999998 0.999040 0.999999 0.998802 0.999964 -0.999515 1.000000 0.999999 0.999992 -0.998420 0.999475 -1.000000 
0.128565 -0.593360 -0.092324 0.399364 1.000000 0.995901 -0.136688 -1.000000 0.999999 1.000000 1.000000 0.527751 0.999927 -0.999507 1.000000 0.999999 0.999972 -0.998645 0.999212 -1.000000 
0.079772 -0.664343 0.044205 0.544640 1.000000 0.998932 -0.366418 -1.000000 1.000000 1.000000 1.000000 -1.000000 0.999792 -0.999404 1.000000 0.999995 0.999831 -0.999300 0.998370 -1.000000 
0.115573 -0.785494 0.525427 0.793770 1.000000 0.993711 -0.228006 -1.000000 1.000000 1.000000 1.000000 0.998995 0.999275 -0.999358 1.000000 0.341472 1.000000 -0.999586 0.996852 -0.999996 
0.032743 0.603043 -0.525232 0.080352 1.000000 0.996292 0.398358 -1.000000 -1.000000 1.000000 1.000000 0.996371 0.999983 -0.999700 1.000000 -0.678184 1.000000 -0.997793 0.999723 -0.989681 
0.007036 0.664392 0.642743 0.794424 1.000000 0.999132 -0.140654 -1.000000 0.188496 0.999999 0.999997 -1.000000 0.999533 -0.999403 1.000000 0.226197 0.999121 -0.999539 0.997898 -1.000000 
0.041404 0.636963 0.514628 0.627476 1.000000 0.576234 -0.065411 -1.000000 -0.999849 0.999999 0.984077 0.999213 0.999911 -0.999431 1.000000 -0.300984 1.000000 -0.999409 0.999138 -0.998105 
0.093332 0.615149 0.111590 0.419785 1.000000 0.994671 0.087495 -1.000000 -0.996294 1.000000 0.984184 -0.993118 0.999963 0.996555 1.000000 -0.526941 0.999993 -0.998716 0.999471 -1.000000 
-0.011458 0.690851 0.226117 0.588920 1.000000 0.947780 -0.301014 -1.000000 -0.999993 1.000000 0.967593 -1.000000 0.999817 0.999501 1.000000 -0.169621 0.999882 -0.999371 0.998553 -0.929495 
0.051639 0.646902 0.713622 0.773659 1.000000 0.996554 -0.063517 -1.000000 -0.999283 0.999996 0.987536 0.999386 0.999781 0.999851 1.000000 0.034528 1.000000 -0.999607 0.998662 -0.994531 
0.019784 0.649383 1.000000 0.527913 1.000000 -0.761829 -0.111330 -1.000000 -0.999922 0.773951 0.914359 -0.992389 1.000000 0.998738 1.000000 -0.370773 0.999972 -0.999549 0.999167 -0.924071 
0.016482 0.661716 1.000000 0.899551 1.000000 0.995915 -0.073117 -1.000000 -0.907437 0.937694 0.983727 -1.000000 1.000000 0.939660 1.000000 0.022985 0.999717 -0.999633 0.998491 -0.997828 
-0.020969 0.604265 1.000000 1.000000 1.000000 0.997682 -0.214703 -1.000000 -0.999709 0.626552 0.873417 0.999016 1.000000 0.824494 1.000000 -0.522706 1.000000 -0.999371 0.999481 -0.919438 
0.042538 0.642012 1.000000 0.795310 1.000000 0.998796 -0.125178 -1.000000 -0.981157 0.954538 0.990300 -1.000000 0.992368 0.953665 1.000000 0.088186 0.999787 -0.999566 1.000000 -0.994293 
0.068796 0.624074 1.000000 0.451238 1.000000 -0.438431 -0.177642 -1.000000 1.000000 0.657245 0.871912 0.998808 0.986324 0.813859 1.000000 -0.490128 1.000000 -0.999134 1.000000 0.434104 
0.110477 0.623303 1.000000 0.348753 1.000000 0.994285 -0.157903 -1.000000 1.000000 0.549646 -0.486485 0.996890 0.984061 0.738292 1.000000 -0.549403 1.000000 -0.998205 1.000000 0.266232 
0.099197 0.689490 1.000000 0.879534 1.000000 0.998687 -0.048664 -1.000000 1.000000 0.804841 -0.553951 -1.000000 0.988588 0.830644 1.000000 -0.335989 1.000000 -0.999112 1.000000 0.121022 
0.221819 0.673794 1.000000 1.000000 1.000000 0.985793 -0.081812 -1.000000 1.000000 0.752939 -0.536968 0.998249 0.987595 0.809240 1.000000 -0.450528 1.000000 -0.998964 1.000000 0.155803 
0.142536 0.667645 1.000000 -0.135164 0.999995 0.991944 0.037829 -1.000000 1.000000 0.150396 -0.728068 -0.999904 0.970488 0.031038 1.000000 -0.664513 1.000000 -0.992346 0.996426 -0.220463 
0.219349 0.717174 1.000000 0.753089 1.000000 0.997056 0.162465 -1.000000 1.000000 0.967939 0.794485 0.998185 0.991790 0.935946 1.000000 0.205391 1.000000 -0.999548 0.881378 0.028194 
0.143394 0.574546 1.000000 -0.372128 0.999989 0.908962 0.078091 -1.000000 1.000000 -0.380031 0.164600 -1.000000 0.951138 -0.421924 0.985200 -0.668869 1.000000 -0.970876 0.998609 -0.999992 
0.207455 0.704666 1.000000 0.805592 1.000000 0.997866 0.200858 -0.836493 1.000000 0.978835 0.834193 0.998570 0.991625 0.947175 0.999809 0.485952 1.000000 -0.999516 0.809995 -0.999839 
0.080432 0.651424 -1.000000 1.000000 0.999996 -0.276738 0.016934 0.813265 1.000000 0.100285 0.487786 0.999493 0.969849 0.042042 0.991874 -0.676647 1.000000 -0.991471 0.997108 -0.999990 
0.077341 0.689007 -1.000000 0.764622 1.000000 0.996932 0.044820 -0.692965 1.000000 0.961485 0.850300 0.041124 0.992101 0.942365 0.999765 0.839355 1.000000 -0.999529 0.934157 -0.999825 
-0.083466 0.682687 -1.000000 0.789524 1.000000 0.997353 -0.128954 -0.753215 1.000000 0.969782 0.884354 -0.038540 0.992166 0.948930 0.999810 0.994966 1.000000 -0.999583 0.912309 -0.999789 
-0.020801 0.613274 -1.000000 0.825337 1.000000 0.281504 -0.997693 -0.590126 1.000000 0.957602 0.926666 0.120192 0.992539 0.961726 0.999847 0.996221 1.000000 -0.999771 0.983833 -0.999417 
-0.152292 0.625262 -1.000000 0.900730 1.000000 0.998075 -0.998286 -0.042031 1.000000 0.849335 0.927593 0.391057 0.990261 0.916185 0.999460 0.997346 1.000000 -0.999793 0.995404 -0.999851 
-0.051669 0.581308 -1.000000 1.000000 1.000000 0.641428 -0.997591 -0.595630 1.000000 0.963443 0.951577 0.079822 0.992709 0.969089 0.999880 0.996251 1.000000 -0.999630 0.989409 -0.998929 
0.055848 0.515060 -1.000000 0.383861 1.000000 0.997369 -0.998518 0.749456 1.000000 0.240289 0.940443 0.536662 0.980720 0.777100 0.997548 0.998550 1.000000 -0.998419 0.999699 -0.999944 
0.071959 0.589634 -1.000000 0.270469 1.000000 0.473240 -0.998801 0.675640 1.000000 0.364067 0.914083 0.611996 0.980943 0.671060 0.997149 0.998274 1.000000 -0.996709 0.998772 -0.999992 
0.028126 0.687965 1.000000 0.707421 1.000000 0.996757 -0.998056 -0.503279 1.000000 0.933904 0.914533 0.215446 0.991669 0.926226 0.999642 0.996092 1.000000 -0.999475 0.969097 -0.649230 
0.090623 0.663626 -1.000000 0.925736 1.000000 0.999229 -0.999290 -0.671149 1.000000 0.961081 0.929897 0.072653 0.992314 0.950349 0.999805 0.995634 1.000000 -0.999530 0.954686 -0.987735 
0.118481 0.673668 -1.000000 1.000000 1.000000 0.828142 -0.995926 0.126522 1.000000 0.782163 0.910389 0.498501 0.988280 0.832649 0.998869 0.997313 1.000000 -0.999169 0.992478 0.999505 
0.117868 0.576447 1.000000 -0.019916 1.000000 0.988809 -0.980517 -0.999972 1.000000 -0.025783 0.854093 0.672208 0.970863 -0.799890 0.993399 0.998492 1.000000 -0.992441 0.998994 -1.000000 
0.099792 0.637472 1.000000 0.202334 1.000000 0.997452 -0.990082 -0.999990 1.000000 0.429417 0.804944 0.636726 0.980859 -0.836186 0.996758 -1.000000 1.000000 -0.996840 0.997406 -0.999999 
0.133915 0.698612 1.000000 0.756080 1.000000 0.999070 -0.998918 -1.000000 1.000000 0.961883 0.879062 0.025192 0.992008 -0.901715 0.999748 -1.000000 1.000000 -0.999527 0.924581 -1.000000 
0.163655 0.718582 0.999997 0.747141 1.000000 0.990934 -0.997813 -0.999999 1.000000 0.900483 0.859484 0.978395 0.990585 -0.880508 0.999331 -1.000000 1.000000 -0.999425 0.971311 -0.999997 
0.036997 0.687058 0.999994 1.000000 0.999255 0.997289 -0.991563 -0.999995 1.000000 0.572106 0.788899 0.986367 0.982810 -0.842895 0.997037 -0.923859 1.000000 -0.998149 0.994249 -1.000000 
-0.129965 0.668617 0.999381 0.778129 0.442724 0.962179 -0.998733 -1.000000 1.000000 0.958622 0.893820 1.000000 0.992250 -0.905340 0.999788 -1.000000 1.000000 -0.999571 0.955486 -0.999994 
-0.089496 0.468915 0.989997 0.922452 0.639592 0.997695 -0.999433 -1.000000 1.000000 0.995667 0.966958 0.998567 0.991277 -0.943752 0.999972 -0.997037 1.000000 -0.999464 0.746216 -1.000000 
-0.026305 0.593635 0.999917 0.686778 0.114791 -0.448044 -0.997158 -0.999995 1.000000 0.856476 0.950790 1.000000 0.990562 -0.888792 0.999571 -1.000000 1.000000 -0.999492 0.997472 -0.999972 
-0.082169 0.538321 0.999996 1.000000 -0.310461 0.991894 -0.992491 -0.999973 1.000000 0.324201 -0.999531 0.992302 0.981664 -0.999996 0.998834 -1.000000 1.000000 0.999805 0.999518 -0.999998 
-0.159752 0.603190 0.999885 0.707106 0.166936 0.999940 -0.997445 -0.999996 1.000000 0.883950 -0.999983 0.997529 0.991076 -0.999996 0.999533 -0.824887 1.000000 0.999869 0.996290 -0.999986 
-0.045581 0.425123 0.987245 1.000000 0.639972 0.972917 -0.999448 -1.000000 1.000000 0.996723 -0.999666 1.000000 0.990958 -0.999990 0.999995 -1.000000 1.000000 0.899253 0.719591 -0.999984 
-0.080415 0.609803 0.999935 0.560460 0.101965 0.020328 -0.997051 -0.999996 1.000000 0.834786 -0.999991 0.991971 0.990060 -0.999996 0.999520 -0.939918 1.000000 -0.963316 0.996817 -0.999976 
-0.154150 0.615104 0.999555 1.000000 0.349877 0.993928 -0.999997 -0.999999 1.000000 0.952391 -0.999954 0.999997 0.992442 -0.999995 0.999988 -1.000000 1.000000 -0.696615 0.985997 -0.999999 
-0.081486 0.577221 0.999820 0.851014 0.188536 0.153302 -0.999995 -0.999995 1.000000 1.000000 -0.999971 0.995908 0.991738 -0.999998 0.999581 -0.999987 1.000000 0.999619 0.997149 -0.896812 
0.009157 0.484692 0.999997 1.000000 -0.401348 0.993548 -0.999981 -0.999939 1.000000 1.000000 -0.999999 1.000000 0.979033 -0.999998 0.999996 -1.000000 1.000000 -0.711733 0.999840 -1.000000 
-0.089737 0.656519 1.000000 0.665957 0.365264 0.986641 -0.999996 -0.999999 1.000000 1.000000 -0.999972 0.988637 1.000000 -0.927654 1.000000 -0.999975 1.000000 -0.437059 0.979327 0.312951 
-0.052359 0.536039 1.000000 1.000000 0.618577 -0.999870 -0.999999 -1.000000 1.000000 1.000000 -0.999789 0.998644 1.000000 -0.964160 1.000000 -1.000000 1.000000 0.999655 0.821128 -0.937652 
-0.045046 0.974849 1.000000 0.999999 -1.000000 0.658812 -0.999993 -0.999996 1.000000 1.000000 -0.999989 1.000000 1.000000 -0.928465 1.000000 -0.996758 1.000000 -0.468158 0.996628 -1.000000 
-0.088156 0.817846 1.000000 1.000000 -1.000000 -0.997900 -0.999995 -0.999998 1.000000 1.000000 -0.999983 0.999711 1.000000 -0.931289 1.000000 -1.000000 -0.999997 -0.550821 0.993706 -1.000000 
-0.034258 0.843907 1.000000 0.999981 -1.000000 0.465901 -0.999990 -0.999988 1.000000 1.000000 -1.000000 0.999999 1.000000 -0.927090 1.000000 -0.999999 -0.999676 0.982961 0.999090 -0.999999 
0.067735 0.892523 0.997304 0.999997 -1.000000 -0.996474 -0.999989 -0.999990 1.000000 1.000000 -1.000000 0.999999 1.000000 -0.918226 1.000000 -1.000000 -0.999508 -0.867521 0.998634 -1.000000 
0.097573 0.926163 0.987785 0.999996 -1.000000 0.669110 -0.999992 -0.999998 1.000000 1.000000 -1.000000 0.999999 1.000000 -0.906098 1.000000 -0.950524 -0.997850 -0.562829 0.990994 -1.000000 
0.055487 0.953145 0.992159 0.999988 -1.000000 -0.987025 -0.999987 -0.999996 1.000000 1.000000 -1.000000 0.999999 1.000000 -0.893887 1.000000 -1.000000 -0.998352 0.600459 0.994927 -1.000000 
0.058914 0.864779 0.966854 1.000000 -1.000000 0.999769 -0.999998 -1.000000 1.000000 1.000000 -1.000000 0.999998 1.000000 0.999841 1.000000 -0.999998 -0.994897 -0.704789 0.913937 -0.997098 
0.011645 0.936311 0.991336 0.999993 -1.000000 -0.966702 -0.999988 -0.999996 1.000000 1.000000 -1.000000 0.999999 1.000000 1.000000 1.000000 -1.000000 0.978561 0.999538 0.995801 -0.999132 
-0.004288 0.859780 0.980716 0.999999 -1.000000 -0.999277 -0.999995 -0.999999 -0.985667 1.000000 -1.000000 0.999999 1.000000 1.000000 1.000000 -0.973894 0.994208 0.979707 0.983995 -0.997070 
-0.058107 0.861885 0.984401 0.999999 -1.000000 -0.912486 -0.999994 -0.999998 -0.988095 1.000000 -1.000000 0.999999 1.000000 1.000000 1.000000 -1.000000 0.993401 -0.916064 0.991547 -0.880116 
-0.004297 0.778274 0.980726 0.999999 -1.000000 -0.931751 -0.999996 -0.999998 -0.982348 1.000000 -1.000000 0.999999 1.000000 1.000000 1.000000 -0.997008 0.996440 -0.545827 0.990681 0.832373 
-0.078682 0.875085 0.986780 0.999998 -1.000000 -0.909241 -0.999993 -0.999997 -0.990150 1.000000 -1.000000 0.999999 1.000000 1.000000 1.000000 -1.000000 0.991989 0.998959 0.994262 0.999968 
-0.060308 0.687265 0.970288 1.000000 -1.000000 -0.936475 -0.999995 -0.999999 -0.973482 1.000000 -1.000000 0.999999 1.000000 1.000000 1.000000 -0.999657 1.000000 0.809723 0.973734 0.999991 
-0.011040 0.820147 -0.881059 0.999999 -1.000000 -0.900428 0.999999 -0.999996 -0.987455 1.000000 -1.000000 0.999999 1.000000 1.000000 1.000000 -1.000000 1.000000 -0.944409 0.996446 0.999965 
0.039208 0.921472 -0.813384 0.999993 -1.000000 -0.976048 0.999999 -0.999987 -0.996083 1.000000 -1.000000 0.999999 1.000000 1.000000 1.000000 -0.865334 1.000000 -0.720508 0.998964 -0.997596 
0.044664 0.930358 -0.845029 0.999994 -1.000000 -0.903309 0.999999 -0.999995 -0.995780 1.000000 -1.000000 0.999999 1.000000 1.000000 1.000000 -0.999990 1.000000 -0.613503 0.996911 -0.997328 
0.083565 0.913348 -0.876203 0.999997 -1.000000 -0.991015 1.000000 -0.998083 -0.992768 1.000000 -1.000000 0.999999 1.000000 1.000000 1.000000 -1.000000 1.000000 -0.709307 0.992465 -0.997201 
0.073764 0.920029 -0.881388 0.999998 -1.000000 -0.988820 1.000000 0.996622 -0.990512 1.000000 -1.000000 0.999999 1.000000 1.000000 1.000000 -0.986766 0.792941 -0.509453 0.979503 -0.996853 
0.082911 0.913681 0.228295 0.999998 -1.000000 0.571733 1.000000 0.996592 -0.989932 1.000000 -1.000000 0.999999 1.000000 1.000000 1.000000 -1.000000 0.980138 0.989850 0.978673 -0.996885 
0.073434 0.958977 1.000000 0.999979 -1.000000 -0.098399 1.000000 0.998697 -0.998373 1.000000 -1.000000 0.999999 1.000000 1.000000 1.000000 -0.990507 0.963277 -0.643168 -0.771966 -0.996914 
0.079929 0.936807 -0.684211 0.999994 -1.000000 -0.558915 0.999999 0.997926 -0.995430 1.000000 -1.000000 0.999999 1.000000 0.659364 1.000000 -1.000000 0.985050 0.642919 -0.896878 -0.997087 
0.051643 0.935479 1.000000 0.999995 -1.000000 -0.903033 0.999999 0.997714 -0.996767 1.000000 -1.000000 0.999999 1.000000 -0.342924 1.000000 -0.951000 0.986153 0.939710 -0.909768 -0.997102 
-0.016518 0.873964 -0.877424 0.999999 -1.000000 -0.994174 1.000000 0.994689 -0.997248 1.000000 -1.000000 0.999998 1.000000 0.998447 0.999998 -1.000000 0.996008 0.936607 -0.980264 -0.999956 
-0.091512 0.922023 0.967635 1.000000 -1.000000 -0.997097 1.000000 0.990300 -0.999098 1.000000 -1.000000 0.999998 1.000000 0.167165 0.999998 -0.967342 0.998517 0.935979 -0.995373 -1.000000 
-0.120638 0.995749 0.999999 1.000000 -1.000000 -0.992286 0.999997 0.996526 -1.000000 1.000000 -1.000000 0.999999 1.000000 0.997533 0.999998 -1.000000 0.914199 0.961788 0.999954 -1.000000 
-0.132582 0.999978 -0.641801 0.999999 -1.000000 -0.989536 0.999999 0.997369 -0.995308 1.000000 -1.000000 0.999999 1.000000 -0.226846 0.999997 -0.999912 0.923854 0.965711 0.999980 -0.870720 
-0.065694 0.999983 1.000000 -0.999975 -1.000000 -0.986481 1.000000 0.997872 -1.000000 1.000000 -1.000000 0.999999 1.000000 0.997212 0.999997 -1.000000 0.930453 0.966863 0.999989 -0.993805 
-0.068389 0.999987 -0.800228 -0.999973 -1.000000 -0.976265 -0.669068 0.998521 -0.999631 1.000000 -1.000000 0.999999 1.000000 -0.399802 0.999997 -0.980255 0.937138 0.870207 0.999996 -0.994038 
-0.068629 0.999897 1.000000 -0.998611 -1.000000 -0.997156 1.000000 0.990677 -0.969613 1.000000 -0.999999 0.999998 1.000000 0.998635 0.999998 -1.000000 0.888869 0.941449 0.998929 -0.993938 
-0.014789 0.999973 -0.885187 -0.999881 -1.000000 -0.992375 1.000000 0.996404 -1.000000 0.999821 -1.000000 0.999999 1.000000 -0.087891 0.999998 -0.940155 0.911119 0.908912 0.999948 -0.994574 
0.034950 0.999989 0.356466 -0.999991 -1.000000 -0.968427 1.000000 0.998734 -0.999805 0.999597 -1.000000 0.999999 1.000000 0.996560 0.999997 -1.000000 0.940575 0.868932 0.999998 -0.994090 
-0.012245 0.999989 1.000000 -0.999994 -1.000000 -0.963530 1.000000 0.998787 -0.999997 0.999455 -0.997835 0.999999 1.000000 -0.356935 0.999998 -1.000000 0.941363 0.872166 0.999998 -0.994471 
0.091013 0.999974 -0.748787 -0.999903 -1.000000 -0.991367 1.000000 0.996533 -0.995493 0.999797 -0.990278 0.999999 1.000000 0.997657 0.999998 -0.996546 0.999993 0.915295 0.999951 -0.995226 
0.110287 0.999984 1.000000 -0.999979 -1.000000 -0.979619 -0.998485 0.997969 -1.000000 0.999594 -0.997517 0.999999 1.000000 0.171565 0.999998 -1.000000 0.999999 0.904086 0.973681 -0.995566 
0.028314 0.999975 -0.866455 -0.999938 -1.000000 -0.988430 -0.999091 0.996754 -0.999563 0.999703 1.000000 0.890193 1.000000 0.997413 0.999998 -1.000000 0.999996 0.927459 0.979116 -0.996007 
-0.011015 0.999957 0.988902 -0.999807 -1.000000 -0.994252 -0.998290 0.994806 -0.999501 0.999806 1.000000 0.891231 1.000000 0.732677 0.999998 -0.999991 0.999985 0.935820 0.982596 -0.995451 
-0.006745 0.999984 1.000000 -0.999968 -1.000000 -0.983648 -0.999319 0.997910 -0.999077 0.999733 1.000000 0.946577 1.000000 0.997151 0.999998 -0.297036 0.999998 0.892972 0.974212 -0.994791 
0.017673 0.899149 -0.400000 -0.999917 0.323086 -0.990562 -0.998848 0.996755 -0.999292 0.999789 1.000000 0.924311 1.000000 0.659254 0.999998 -1.000000 0.999994 0.913240 0.979173 -0.995114 
0.020113 0.910496 1.000000 -0.999992 0.405233 -0.966977 -0.999700 0.998724 -0.999140 0.999531 1.000000 0.967528 1.000000 0.996587 0.999998 -1.000000 1.000000 0.872783 -0.435627 -0.994409 
0.039172 0.571712 -0.788082 -0.999944 0.316848 -0.988060 -0.999092 0.997219 -0.999335 0.999754 1.000000 0.928697 1.000000 0.788904 0.999998 -1.000000 0.999996 0.910033 -0.730043 -0.995350 
0.057300 0.855364 1.000000 -0.999898 0.259060 -0.991550 -0.998779 0.985429 -0.999510 0.999779 -0.140703 1.000000 1.000000 0.997683 -0.098994 -0.999818 0.999992 0.925342 -0.784133 -0.995550 
0.052535 0.780649 -0.834055 -0.999985 0.338490 -0.975951 -0.999563 0.999524 -0.999332 0.999586 1.000000 1.000000 1.000000 0.437379 -0.764960 -1.000000 0.999999 0.891579 -0.685494 -0.995104 
-0.031727 -0.141693 0.851727 -0.999900 0.246805 -0.991416 -0.998808 0.999149 -0.999548 0.999579 0.999591 1.000000 1.000000 0.997674 -0.135510 -0.999997 -1.000000 0.927172 -0.795723 -0.995651 
-0.037231 0.892362 0.999999 -0.999812 0.293058 -0.994225 -0.998169 0.999280 -0.999352 -1.000000 -0.998429 1.000000 1.000000 0.739462 0.371738 -0.997278 -1.000000 0.925265 -0.745060 -0.994952 
-0.012825 0.891237 -0.744827 -0.999932 0.373196 -0.989369 -0.998937 0.997971 -0.999080 -1.000000 -0.999755 1.000000 1.000000 0.997500 -0.154222 -0.999864 -1.000000 0.903345 -0.673360 -0.994780 
-0.009107 0.874136 1.000000 -0.999959 0.372396 -0.985852 -0.999210 0.998101 -0.999115 -1.000000 -0.999969 1.000000 1.000000 0.426509 -0.425217 -0.999996 -1.000000 0.897824 -0.668997 -0.994847 
-0.004868 0.303654 -0.813115 -0.999987 0.419459 -0.974139 -0.999590 0.998685 -0.998990 -1.000000 -1.000000 1.000000 1.000000 0.996819 -0.759053 -0.999995 -1.000000 0.894920 -0.578275 -0.994439 
0.039632 0.821400 0.999994 -0.999915 0.319636 -0.990665 -0.998838 0.997377 -0.999305 -1.000000 0.999948 1.000000 1.000000 0.765553 -0.103975 -0.999995 -1.000000 0.160903 -0.727579 -0.995186 
0.006119 0.718479 0.291346 -0.999960 0.314322 -0.985453 -0.999256 0.997514 -0.999360 -1.000000 -0.923794 1.000000 1.000000 0.997204 -0.509395 -0.999999 -1.000000 0.225360 -0.730429 -0.995323 
0.005500 0.675616 1.000000 -0.999786 0.240288 -0.994629 -0.998143 0.995809 -0.999526 -1.000000 1.000000 1.000000 1.000000 0.723364 0.359033 -1.000000 -1.000000 0.036998 -0.790256 -0.986110 
-0.068439 0.888451 -0.802424 -0.999958 0.349266 -0.986040 -0.996901 0.997885 -0.999217 -1.000000 -1.000000 1.000000 1.000000 0.997259 -0.441096 -0.999997 -1.000000 0.260283 -1.000000 -0.659190 
-0.074725 0.516370 1.000000 -0.999756 0.333921 -0.994402 0.717056 0.997156 -0.999170 -1.000000 0.999997 1.000000 1.000000 0.663810 0.466436 -1.000000 -1.000000 0.162887 -1.000000 1.000000 
-0.076450 0.874797 -0.883100 -0.872539 0.392337 -0.974433 0.610488 0.997975 -0.998946 -0.999994 -0.847203 1.000000 1.000000 0.997709 0.153331 -0.999993 -1.000000 0.237728 -1.000000 -0.609086 
-0.025743 0.814038 0.792272 0.634740 0.451912 -0.980577 -0.968816 0.998635 -0.998665 -0.999997 0.348654 1.000000 1.000000 0.277036 -0.319150 -1.000000 -0.967132 0.372514 -1.000000 1.000000 
-0.029391 0.130008 1.000000 0.626871 0.395820 -0.987629 0.501182 0.998320 -0.999009 -0.902837 -0.999904 1.000000 1.000000 0.997213 -0.464041 -0.999998 -0.964709 0.332467 -1.000000 -0.878131 
-0.015384 0.884251 -0.416569 0.653007 0.383757 -0.985663 -0.998981 0.998153 -0.999049 -0.719814 1.000000 1.000000 1.000000 0.502096 -0.331494 -1.000000 -1.000000 0.285202 -1.000000 1.000000 
0.017233 0.655142 1.000000 0.750761 0.303855 -0.981620 0.810252 0.997042 -0.999343 -0.860798 -1.000000 1.000000 1.000000 0.997800 0.134636 -1.000000 -1.000000 0.122125 -1.000000 -0.316708 
-0.001847 0.874671 -0.805855 0.618087 -0.995253 -0.999998 0.838245 0.997978 -0.999228 -0.565725 0.999993 1.000000 1.000000 0.382609 -0.557641 -1.000000 -1.000000 0.296891 -1.000000 1.000000 
0.031856 0.062518 1.000000 0.712946 0.638603 -0.999997 -0.815690 0.997491 -0.999319 -0.789106 -0.999384 1.000000 1.000000 0.997597 0.283720 -0.999711 -1.000000 0.155538 -1.000000 -0.791487 
0.030612 0.912266 0.897352 0.509649 -0.996077 -0.999360 -0.649859 0.998534 -0.999207 -0.292121 -0.408258 1.000000 1.000000 0.394341 0.999865 -0.999999 -1.000000 0.516637 -1.000000 1.000000 
0.077136 0.511404 0.925673 0.667751 -0.994997 -0.989719 -0.484743 0.998647 -0.999363 -0.648110 -0.999922 1.000000 1.000000 0.997336 0.028862 -0.999974 -1.000000 0.191874 -1.000000 -0.773599 
0.128292 0.962756 0.914988 1.000000 0.301748 -0.991456 -0.708316 0.998912 -0.999434 -0.373860 0.969535 1.000000 1.000000 0.710163 0.999951 -1.000000 -1.000000 0.284098 -1.000000 1.000000 
0.121290 1.000000 0.885479 1.000000 -0.998803 -0.992226 -0.999739 0.997299 -0.999577 0.030910 0.999843 1.000000 1.000000 0.996032 -0.927640 -0.999999 -1.000000 0.596924 -1.000000 -0.960434 
0.123367 0.999775 0.936949 1.000000 0.465673 -0.994953 -0.998822 0.998210 -0.999721 -0.697260 -0.999859 1.000000 1.000000 0.280079 0.999992 -1.000000 -1.000000 -0.063038 -1.000000 1.000000 
0.078869 0.999804 0.900579 1.000000 -0.998724 -0.992571 -0.999723 0.998794 -0.999534 -0.069003 -0.745138 1.000000 1.000000 1.000000 -0.511734 -1.000000 -1.000000 0.443225 -1.000000 0.658436 
0.089955 0.999761 0.944633 1.000000 -0.994773 -0.994126 0.857290 0.996222 -0.999728 -0.881340 -0.987941 1.000000 1.000000 -0.755923 0.271869 -1.000000 -1.000000 -0.084258 -1.000000 1.000000 
0.079479 0.999802 0.908167 1.000000 0.307553 -0.993135 0.922355 0.998437 -0.999447 -0.246029 1.000000 1.000000 1.000000 -0.975203 -0.495972 -1.000000 -1.000000 0.362314 -1.000000 -0.974604 
0.108822 0.999811 0.890277 0.999997 -0.997812 -1.000000 0.953808 0.998048 -0.999412 -0.124815 -1.000000 1.000000 1.000000 -0.988177 0.995995 -0.999996 -1.000000 0.999860 -1.000000 1.000000 
0.034021 0.999791 0.923500 0.993852 -0.359434 -1.000000 -0.999520 0.998185 -0.999575 -0.430995 -0.999977 1.000000 0.279403 -0.962295 -0.597296 -0.999988 -1.000000 0.999988 -1.000000 -0.821727 
0.067723 0.997888 0.939230 1.000000 -0.995754 -1.000000 0.827552 0.999634 -0.999555 -0.844616 -0.999507 1.000000 -0.349804 -0.537928 0.999993 -1.000000 -1.000000 0.999997 -1.000000 1.000000 
0.048936 0.839044 0.999903 0.996801 0.254057 -1.000000 0.924162 0.999672 -0.999553 -0.684081 0.999856 1.000000 -0.025970 -0.819902 0.301284 -1.000000 -1.000000 0.999994 -1.000000 -0.596846 
-0.046484 0.774892 0.999919 -0.996084 -0.996750 -1.000000 -0.999591 0.998879 -0.999363 -0.502645 -0.306345 1.000000 0.458988 -0.894135 0.999956 -1.000000 -1.000000 0.999989 -1.000000 1.000000 
-0.036254 0.999441 0.999905 -0.999986 -0.983635 -1.000000 0.762989 0.999563 -0.999311 -0.930777 1.000000 1.000000 -0.446915 0.099443 0.726668 -0.997669 -1.000000 0.999998 -1.000000 -0.278423 
0.026131 -0.698818 0.999920 -0.999998 0.426510 -1.000000 0.749365 0.999772 -0.998874 -0.604970 -1.000000 1.000000 0.645733 -0.839458 0.999938 -0.999998 -1.000000 0.999992 -0.999999 1.000000 
-0.029273 -0.767981 0.999920 0.998500 -0.995788 -1.000000 -0.307254 0.998501 -0.999189 -0.379481 -0.999780 1.000000 0.722960 -0.952327 -0.734925 -1.000000 -1.000000 0.999983 -1.000000 -0.957013 
-0.036366 -0.638763 0.999895 -0.999975 0.263065 -1.000000 0.818655 0.999309 -0.999515 -0.967153 -0.817019 1.000000 -0.780425 0.316658 0.999999 -1.000000 -1.000000 0.999999 -1.000000 1.000000 
-0.002992 -0.724140 0.999918 -0.999997 -0.991001 -1.000000 -0.517671 0.999950 -0.998939 -0.696212 -0.998704 1.000000 0.480267 -0.888680 0.999999 -0.999542 -0.999998 0.999994 -1.000000 -0.639861 
-0.096146 -0.691629 0.999915 -0.961035 -0.988218 -1.000000 -0.341887 0.998118 -0.977748 -0.758299 -0.990698 1.000000 0.149307 -0.631307 1.000000 -1.000000 -0.999999 0.999996 -1.000000 1.000000 
-0.128780 -0.089221 0.999889 -0.999945 1.000000 -1.000000 0.837906 0.999530 -0.999998 -0.981899 -0.612356 1.000000 -0.802887 0.634911 0.999296 -1.000000 -1.000000 0.999999 -1.000000 0.271963 
-0.055350 -0.529216 0.999916 -0.999989 1.000000 -1.000000 -0.563984 0.999977 -0.999961 -0.825876 -1.000000 1.000000 0.533718 -0.877719 1.000000 -0.999999 -0.999998 0.999997 -0.999999 1.000000 
-0.060097 -0.488961 0.999918 0.999575 0.998166 -1.000000 -0.347093 0.998750 -0.999954 -0.711391 -0.999741 1.000000 0.528317 -0.616043 1.000000 -1.000000 -0.998250 0.999995 -0.999999 -0.920840 
-0.058343 -0.997642 0.999917 -0.999996 0.997872 -1.000000 1.000000 0.999150 -0.999963 -0.755586 -1.000000 1.000000 0.443383 -0.548440 0.999994 -0.999906 -0.998257 0.999995 -0.999999 1.000000 
-0.020631 -0.997192 0.999915 -0.999993 0.997263 -1.000000 1.000000 0.999484 -0.999973 -0.802788 -1.000000 1.000000 0.291272 -0.411191 1.000000 -0.999975 -0.999832 0.999996 -1.000000 -0.752761 
0.034412 -0.995711 0.999908 0.996374 0.992374 -0.956219 1.000000 0.999547 -0.999991 -0.905780 -0.999996 1.000000 -0.391818 -0.134295 1.000000 -1.000000 -0.999996 0.999998 -1.000000 1.000000 
