0.995112
0.224959
-1.000000
1.000000
0.996638
0.980253
-1.000000
-1.000000
-0.972807
0.997159
0.991927
-0.999956
-0.393808
1.000000
-1.000000
0.999956
0.984272
-0.828109
0.863234
0.527845
0.660887
-1.000000
-0.999983
-0.999880
-0.999099
-0.999957
-1.000000
-1.000000
-1.000000
-0.999999
-0.999974
-0.999903
-0.997069
-0.984252
0.998088
1.000000
0.992446
0.981244
0.990808
0.995159
0.990520
0.982512
0.983756
0.999759
0.999783
0.991362
-0.998447
0.999974
0.999999
-0.996372
0.999999
-0.985855
0.999998
0.999999
-0.996618
0.998743
-0.999999
1.000000
0.999999
1.000000
1.000000
1.000000
1.000000
1.000000
1.000000
1.000000
1.000000
1.000000
1.000000
1.000000
1.000000
1.000000
1.000000
1.000000
1.000000
1.000000
1.000000
1.000000
1.000000
0.197315
-0.999509
-0.999985
-0.991875
-0.999760
-0.998324
-0.917612
0.929169
-0.930852
-0.990739
-0.989912
0.953712
0.371024
-0.951132
-0.988605
-0.976923
-0.916184
-0.578241
-0.524056
0.178712
-0.999838
0.999999
-0.992247
0.995972
0.509262
0.999988
0.811271
0.999109
0.994568
0.969646
0.999608
0.993215
-0.995292
-0.333972
-0.960611
-0.699731
-0.463541
-0.388987
-0.557664
-0.256956
-0.628873
-0.483983
-0.423351
-0.535202
-0.295090
-0.595080
0.121876
-0.662461
-0.551201
-0.578695
-0.400073
-0.501006
-0.257751
-0.492862
-0.610534
0.614796
0.806585
0.801558
0.885968
0.766421
0.800322
0.787112
0.924390
0.935129
0.989371
0.999942
0.999976
0.999985
0.999959
-0.999979
0.999987
0.999974
0.994656
-0.992707
-0.984401
-0.965819
-0.999417
-0.998849
-0.997230
-0.996715
-0.955796
-0.999432
-0.998146
-0.995957
-0.999128
-0.998719
-0.165677
0.999908
1.000000
1.000000
1.000000
1.000000
1.000000
1.000000
1.000000
1.000000
1.000000
1.000000
-0.320881
0.015814
-0.984084
-0.412050
-0.870421
-0.896107
-0.882592
-0.805460
-0.147818
-0.201182
-0.862737
-0.109207
-0.509422
0.344455
-0.398822
-0.514300
-0.551359
-0.443784
-0.773571
-0.578880
-0.582670
-0.332871
-0.638622
-0.759864
-0.530930
-0.255812
-0.476836
-0.821504
-0.127900
-0.476147
-0.603290
-0.736244
-0.752015
-0.618731
-0.274872
-0.759918
-0.611547
-0.574478
-0.590653
-0.708470
-0.802072
-0.341500
-0.726184
-0.396689
-0.111441
-0.304493
-0.578046
-0.287293
-0.656170
-0.790176
-0.516191
-0.325201
-0.727343
-0.674094
-0.609722
-0.787722
-0.672721
-0.490831
-0.486186
-0.754287
-0.323495
-0.722397
-0.512638
-0.540511
-0.425608
-0.672659
-0.273135
-0.335393
-0.458714
-0.422698
-0.607136
-0.414150
-0.679440
-0.360497
-0.799363
-0.100938
-0.518905
-0.375911
-0.340615
-0.407291
-0.623934
-0.641831
-0.538350
-0.687401
-0.900843
-0.292032
-0.699343
0.644381
-0.609139
-0.730296
-0.694733
-0.450345
-0.538313
-0.616569
-0.502427
-0.516788
-0.547396
-0.851128
-0.400022
-0.684143
-0.401777
-0.630938
-0.395768
-0.830748
-0.780105
-0.872565
-0.160161
-0.594461
-0.643217
-0.558103
-0.490255
-0.321773
-0.642581
-0.476770
-0.203134
-0.266704
-0.685465
-0.556071
-0.711615
-0.378013
-0.591430
-0.642114
-0.253037
-0.731715
-0.184482
-0.711011
-0.643982
-0.701482
-0.491462
-0.455831
-0.681599
-0.333962
-0.456414
-0.243576
-0.423124
-0.697974
-0.527113
-0.554781
-0.132666
-0.361300
-0.736085
-0.266085
-0.662275
-0.425189
-0.701565
-0.637060
-0.656517
-0.480730
-0.673200
-0.161696
-0.536225
-0.427085
-0.680807
-0.491720
-0.654425
-0.301829
-0.624304
-0.455708
-0.579738
-0.490246
-0.169582
-0.485186
-0.540402
-0.553159
-0.545844
-0.447022
-0.150720
-0.554025
-0.150403
-0.682932
-0.300910
-0.419743
-0.226078
-0.618206
-0.616712
-0.651020
-0.183677
-0.611942
-0.713675
-0.654014
-0.022634
-0.468198
-0.275872
-0.526578
-0.258415
-0.725295
-0.518101
-0.620847
-0.174448
-0.292657
-0.293180
-0.481320
-0.728305
0.148414
-0.781381
-0.331751
0.999718
-0.994914
-0.793073
-0.395765
0.093245
0.884883
-0.998568
0.999768
-0.367920
-0.587653
0.991986
-0.986682
-0.824072
0.767557
-0.717343
0.984358
-0.994099
0.117722
-0.729354
0.919118
-0.786742
0.999213
-0.981807
-0.754857
-0.858619
0.976434
-0.039392
0.991094
-0.997280
-0.864338
0.884741
-0.887864
-0.763229
-0.988363
0.982015
-0.751171
0.737091
-0.749299
0.877530
-0.989897
0.807824
-0.352447
0.135888
-0.337007
0.989218
-0.984450
0.693994
0.113566
0.743599
-0.906458
0.996734
-0.992224
-0.720215
0.931577
-0.694824
0.956150
-0.661348
0.981451
-0.987000
-0.708296
0.991284
-0.707651
-0.419285
0.963992
-0.988837
-0.844347
0.661636
-0.873804
0.940961
-0.566617
0.999802
-0.996086
-0.914214
0.838612
-0.637961
0.992353
-0.290122
0.994084
-0.999630
-0.654077
0.991406
-0.341625
-0.381748
0.484109
-0.998768
-0.848768
0.898845
-0.749723
0.987290
-0.996374
-0.861292
0.954552
-0.842502
0.880054
-0.999396
0.997855
-0.639769
-0.808887
0.814619
-0.996849
0.999216
-0.727860
-0.398935
0.996941
-0.334535
0.018494
0.944020
-0.121150
0.984036
-0.991285
-0.316096
0.996197
0.998575
0.999939
0.994644
0.996541
0.997049
0.999919
0.918686
0.999634
0.989493
0.982241
0.994839
0.995449
0.994634
0.999243
0.973384
